"","n","err","class"
"358",358,0.190568878175123,3
"831",831,0.0973771183940849,3
"1612",1612,0.131414870205316,3
"2051",2051,0.0680601465361123,3
"2359",2359,0.0294546990224475,3
"2508",2508,0.0196738238916121,3
"2545",2545,0.020428551170227,3
"3248",3248,0.0112236129762228,3
"4536",4536,0.0122785489172633,3
"5025",5025,0.0196313399597971,3
"5293",5293,0.0280709550450831,3
"6161",6161,0.0185962275231547,3
"6193",6193,0.0172650807947831,3
"6779",6779,0.0130225374154164,3
"7186",7186,0.0192654285369506,3
"7487",7487,0.0110328513148052,3
"7550",7550,0.0100950610701765,3
"7668",7668,0.0111089921697517,3
"9661",9661,0.00240120129073242,3
"9700",9700,0.000607197549300859,3
"9738",9738,0.000435521033082118,3
"10646",10646,0.0167893973577831,3
"12215",12215,0.0270403975180231,3
"12360",12360,0.0280291375692914,3
"12771",12771,0.0267111941172785,3
"12868",12868,0.0278855482791137,3
"13459",13459,0.032275650044639,3
"13641",13641,0.035014110440772,3
"14142",14142,0.0376594163436461,3
"14968",14968,0.0404365266019922,3
"15387",15387,0.0356449848106742,3
"15580",15580,0.0380479274551733,3
"16317",16317,0.0420111008837747,3
"17330",17330,0.0362365780786388,3
"17580",17580,0.0397929859082207,3
"19072",19072,0.031753995173235,3
"19555",19555,0.0353937648613292,3
"19609",19609,0.0324897298557353,3
"19729",19729,0.0318431140663443,3
"20157",20157,0.027812863636161,3
"22077",22077,0.0284027081232541,3
"22448",22448,0.028122594327445,3
"22507",22507,0.0284682590728396,3
"22628",22628,0.0262165493732601,3
"22870",22870,0.0256853356654011,3
"23516",23516,0.0242093763323968,3
"23632",23632,0.0218686808606284,3
"24357",24357,0.0167991832134094,3
"24580",24580,0.0168474282866013,3
"24745",24745,0.0181956545547969,3
"25214",25214,0.0152293905944942,3
"27670",27670,0.00878218979838628,3
"27753",27753,0.00924649389281296,3
"27871",27871,0.00881775428513606,3
"28437",28437,0.01251184854198,3
"28781",28781,0.013982630691352,3
"29474",29474,0.0129523400482676,3
"29612",29612,0.0132006941529255,3
"29981",29981,0.017741865144927,3
"30520",30520,0.0172263782208117,3
"30664",30664,0.0150532651694766,3
"31847",31847,0.0205160772743184,3
"32078",32078,0.0182994628684686,3
"36152",36152,0.00746612277886653,3
"36881",36881,0.00854030480904725,3
"37534",37534,0.00862373861116384,3
"38057",38057,0.00844359685799113,3
"39301",39301,0.00981625840270343,3
"39524",39524,0.0108888160522304,3
"40451",40451,0.00856165235081233,3
"40634",40634,0.00814795090816522,3
"41164",41164,0.00598894166935646,3
"41219",41219,0.00539147893110598,3
"41532",41532,0.00596595890163714,3
"43397",43397,0.0075716327566396,3
"44773",44773,0.00641334460839302,3
"44878",44878,0.006971060504823,3
"45090",45090,0.00724337306043745,3
"45690",45690,0.00574497173254643,3
"45947",45947,0.00526577951995982,3
"46798",46798,0.0078925973365617,3
"46948",46948,0.00852883260058415,3
"47091",47091,0.00964519823350695,3
"47408",47408,0.00999486767958132,3
"47832",47832,0.0113103837447945,3
"48258",48258,0.00997350798380001,3
"49622",49622,0.0114189386385502,3
"49674",49674,0.0116556319344944,3
"50037",50037,0.0132789910237948,3
"51190",51190,0.0145912412353951,3
"51353",51353,0.014437688374693,3
"51773",51773,0.0151576273970795,3
"52344",52344,0.0154857490374848,3
"52661",52661,0.0165182852009207,3
"53240",53240,0.0171602516802558,3
"53855",53855,0.0140277023024706,3
"54179",54179,0.013703609369516,3
"56315",56315,0.0101022880983973,3
"57171",57171,0.0108800603102611,3
"61781",61781,0.0128092477993997,3
"62965",62965,0.0110648322581535,3
"63238",63238,0.0112587452557356,3
"63542",63542,0.0119332709362278,3
"63649",63649,0.0114140584832686,3
"63807",63807,0.0113764721546116,3
"65882",65882,0.0116708971776206,3
"65940",65940,0.0120892555891712,3
"67098",67098,0.0124458163882996,3
"67121",67121,0.0124888638699974,3
"68014",68014,0.0114637564916714,3
"69051",69051,0.0115239690883098,3
"69228",69228,0.0113308228690497,3
"69391",69391,0.00993923671551296,3
"70151",70151,0.0102092970218095,3
"70289",70289,0.00919114876061152,3
"70378",70378,0.00903570539393652,3
"70809",70809,0.00736834411732374,3
"70929",70929,0.00751048399782034,3
"70936",70936,0.00746868926045136,3
"71096",71096,0.00788990415850639,3
"71668",71668,0.00709484575579273,3
"72876",72876,0.00750365538158313,3
"73052",73052,0.00758814764625168,3
"73369",73369,0.00728257583428188,3
"76576",76576,0.0069182198251697,3
"76581",76581,0.00698305847837197,3
"76912",76912,0.00648818144837741,3
"76968",76968,0.00682468658730326,3
"77531",77531,0.00611016799636994,3
"77935",77935,0.00413993021381475,3
"78028",78028,0.00431060691543443,3
"78044",78044,0.00400670549932677,3
"78067",78067,0.00379226320444484,3
"78083",78083,0.00386945216602043,3
"78102",78102,0.00398486921432694,3
"78317",78317,0.00482071049513025,3
"78520",78520,0.00474258588518564,3
"78734",78734,0.00467802887520542,3
"79930",79930,0.00530988919965683,3
"80849",80849,0.00656310949255092,3
"81294",81294,0.00712394168428914,3
"82043",82043,0.00519392889093685,3
"82820",82820,0.00507200480487625,3
"82875",82875,0.00489506113092906,3
"83459",83459,0.00449469977954137,3
"83538",83538,0.00448688888990177,3
"83604",83604,0.00467997743618166,3
"83646",83646,0.00458723600727407,3
"84103",84103,0.00422110050849147,3
"84628",84628,0.00477646484814586,3
"84668",84668,0.0048954284128931,3
"84917",84917,0.00431151347553913,3
"85125",85125,0.00499780461993664,3
"86129",86129,0.00324658893564588,3
"86790",86790,0.00192966432170729,3
"87284",87284,0.00303593376105975,3
"89122",89122,0.00480050204393544,3
"89153",89153,0.00481300470935983,3
"89551",89551,0.00436575775105634,3
"89722",89722,0.00438522262801288,3
"91363",91363,0.00545147749984207,3
"91866",91866,0.00539418561399487,3
"92313",92313,0.00559312986500876,3
"92727",92727,0.00532943760436384,3
"94096",94096,0.00600118420948532,3
"94209",94209,0.0062465138835736,3
"95603",95603,0.00476974989014054,3
"95649",95649,0.00431570425021649,3
"95903",95903,0.00436887629457433,3
"95971",95971,0.00435134672520282,3
"97121",97121,0.00470999216584091,3
"97391",97391,0.00584083025645469,3
"97670",97670,0.00594057019301674,3
"98484",98484,0.00630625887245326,3
"99151",99151,0.00609298251914326,3
"99545",99545,0.00584473182451042,3
"100701",100701,0.00475633023023451,3
"101430",101430,0.00418914660806041,3
"101984",101984,0.00386420058476444,3
"102179",102179,0.00450413800399694,3
"103582",103582,0.00372954548000614,3
"104162",104162,0.00328187399899185,3
"104347",104347,0.00305414453065868,3
"104380",104380,0.00317940662135098,3
"104494",104494,0.00303374497875857,3
"104642",104642,0.0028334810121761,3
"105288",105288,0.00236160486413451,3
"106083",106083,0.00180237489665267,3
"106529",106529,0.00188742501734648,3
"106734",106734,0.00176136546394351,3
"106924",106924,0.00177384120955298,3
"106936",106936,0.00160778094546443,3
"107088",107088,0.00200672067889977,3
"107241",107241,0.00158197090685184,3
"107472",107472,0.00225228238415065,3
"110952",110952,0.00227779694389504,3
"112518",112518,0.00127816267188721,3
"113416",113416,0.0018277631322827,3
"113616",113616,0.00172184346702303,3
"113798",113798,0.00203603653485685,3
"114157",114157,0.00148972230046439,3
"114649",114649,0.00194709089712955,3
"114869",114869,0.00184025075875426,3
"115785",115785,0.00136241533257985,3
"116152",116152,0.00238001916696691,3
"117112",117112,0.00313490389622973,3
"117128",117128,0.00299787296884821,3
"117276",117276,0.00333799114084352,3
"117814",117814,0.00422494631932199,3
"119074",119074,0.00367109004491798,3
"120706",120706,0.00463594933197541,3
"121145",121145,0.00500461122674645,3
"121656",121656,0.00477559967500982,3
"122548",122548,0.00441808655250506,3
"123550",123550,0.00269042427355469,3
"124321",124321,0.00308968477944199,3
"125052",125052,0.00388426944018789,3
"125498",125498,0.00402881346976943,3
"125808",125808,0.00383966995570702,3
"126262",126262,0.0036058739460352,3
"126840",126840,0.00254913963075547,3
"127781",127781,0.00261307994583362,3
"127894",127894,0.0025022577257629,3
"128471",128471,0.00286049746639903,3
"128888",128888,0.00192303638093722,3
"128937",128937,0.00161915114488661,3
"129277",129277,0.00182181734525739,3
"129346",129346,0.00182382391150062,3
"130051",130051,0.00195687329666159,3
"131301",131301,0.00381742882772087,3
"131355",131355,0.00385752572129465,3
"132029",132029,0.00406327349570021,3
"134538",134538,0.00390476161435343,3
"134852",134852,0.0045073557837668,3
"134972",134972,0.00442210163052116,3
"135057",135057,0.00445048760295915,3
"135226",135226,0.00400147503671646,3
"138752",138752,0.00641983611914298,3
"139419",139419,0.00693720697218125,3
"140421",140421,0.00624620850328675,3
"140439",140439,0.0062583983113242,3
"140843",140843,0.0062574817536315,3
"141061",141061,0.00610775525954756,3
"141881",141881,0.00497375968242494,3
"141982",141982,0.00502680590937095,3
"142665",142665,0.00584307561691799,3
"143540",143540,0.00537411862374907,3
"143690",143690,0.00549730680623019,3
"143802",143802,0.00554132871734329,3
"145400",145400,0.00607926017575068,3
"146194",146194,0.00624263110675869,3
"146904",146904,0.00576517173564046,3
"148175",148175,0.00536611908351959,3
"148661",148661,0.0050131543019974,3
"149536",149536,0.00489928864330089,3
"149561",149561,0.00486386412747077,3
"149874",149874,0.00455097743119614,3
"150697",150697,0.00557661282986849,3
"152208",152208,0.00497169971560642,3
"153058",153058,0.00528388374078126,3
"153721",153721,0.00513939054668879,3
"153872",153872,0.00524812364797897,3
"154202",154202,0.00515381759786723,3
"154930",154930,0.00510112943053965,3
"155992",155992,0.00486681692191385,3
"156792",156792,0.0051132688144456,3
"157440",157440,0.00550937796811304,3
"157682",157682,0.00560059548935285,3
"158054",158054,0.00580505650053025,3
"158507",158507,0.006119814792644,3
"158529",158529,0.00616776752293695,3
"159022",159022,0.00610272003020003,3
"159337",159337,0.00585556230818271,3
"160335",160335,0.00540588438636876,3
"160920",160920,0.00556989507465463,3
"162333",162333,0.00536559078989296,3
"163215",163215,0.00509479881363264,3
"163919",163919,0.00525289178140576,3
"166175",166175,0.00466866720179198,3
"166820",166820,0.00428985901136999,3
"166887",166887,0.00436182389936224,3
"167234",167234,0.00381889051117168,3
"168005",168005,0.00334216721458545,3
"168051",168051,0.00336244171945713,3
"168440",168440,0.00316373845327168,3
"168664",168664,0.00300682817382138,3
"170252",170252,0.00273385012231233,3
"170755",170755,0.0030308068562375,3
"170892",170892,0.00263271932829467,3
"171469",171469,0.00261164992720481,3
"171650",171650,0.00282484660420755,3
"172522",172522,0.00200777929285203,3
"172984",172984,0.002254007205084,3
"173144",173144,0.00218656063100365,3
"173889",173889,0.0014840333449586,3
"173964",173964,0.00145111816833146,3
"175950",175950,0.0018651626385619,3
"176824",176824,0.00195828278647932,3
"177056",177056,0.00187702937873203,3
"179956",179956,0.00264163457178278,3
"180149",180149,0.00266791130142307,3
"180154",180154,0.00269510380642154,3
"180650",180650,0.00356345134721909,3
"180996",180996,0.00323316896966561,3
"181476",181476,0.00320138861188462,3
"181738",181738,0.00317320445026803,3
"182978",182978,0.00341721400192862,3
"183153",183153,0.00370321578129366,3
"183187",183187,0.0038956930715901,3
"183446",183446,0.00393723022284382,3
"183902",183902,0.00365775487837258,3
"184812",184812,0.00386467077590212,3
"184984",184984,0.0039493627523155,3
"185141",185141,0.00395462792685902,3
"185160",185160,0.00401220729808076,3
"185230",185230,0.00390034656277451,3
"185606",185606,0.0039494204918018,3
"186239",186239,0.00420951803242316,3
"186360",186360,0.00403619892551304,3
"186423",186423,0.00401591595656502,3
"186925",186925,0.00322855429740956,3
"187345",187345,0.00341326272244267,3
"187924",187924,0.00295899730655399,3
"187980",187980,0.00266021177698075,3
"189121",189121,0.00216664193109464,3
"189296",189296,0.00192088477293113,3
"190067",190067,0.00249806465644327,3
"190227",190227,0.00259279103856181,3
"190725",190725,0.0025734841577837,3
"190763",190763,0.00258161424595633,3
"191031",191031,0.00299115176056203,3
"191066",191066,0.00296305594024043,3
"191316",191316,0.00284408696933002,3
"191487",191487,0.00282852815260885,3
"191587",191587,0.00308115395036652,3
"191789",191789,0.00295495699818633,3
"192033",192033,0.00255807739013307,3
"192231",192231,0.00276296513001441,3
"192687",192687,0.00321919665321838,3
"192688",192688,0.00321399020965858,3
"193608",193608,0.00300339447026014,3
"193786",193786,0.0028493486016966,3
"193966",193966,0.00299186253400449,3
"194602",194602,0.00312656365867668,3
"197109",197109,0.00128039911543001,3
"197727",197727,0.000857929401407778,3
"198023",198023,0.000913597551368562,3
"198556",198556,0.000473223385369275,3
"199042",199042,0.000520343684278738,3
"199665",199665,0.00087357681490161,3
"201290",201290,0.000229328869550301,3
"202055",202055,0.00134804591993954,3
"203104",203104,0.00217906749695407,3
"203448",203448,0.00189744057380668,3
"203617",203617,0.00189344464162672,3
"203944",203944,0.00135628131172515,3
"205115",205115,0.00182514312895956,3
"205157",205157,0.00186162365118724,3
"205329",205329,0.00164995416493924,3
"205386",205386,0.00161327612029498,3
"205559",205559,0.00187938463209724,3
"205642",205642,0.00210162681220515,3
"205996",205996,0.00240050399619488,3
"206100",206100,0.00242371751733306,3
"206402",206402,0.00225364574508374,3
"206650",206650,0.00205813079709223,3
"207266",207266,0.00233198324933274,3
"209105",209105,0.00290261880086754,3
"211704",211704,0.00281067239627785,3
"211847",211847,0.00311633551159073,3
"212024",212024,0.00302692704012852,3
"212698",212698,0.00283105895347035,3
"212833",212833,0.00280040638722124,3
"213014",213014,0.00278591124737225,3
"213479",213479,0.00255177126898861,3
"214381",214381,0.00244860052808713,3
"214847",214847,0.00235042353117606,3
"216928",216928,0.00127949711185096,3
"217533",217533,0.00209449058091816,3
"220309",220309,0.00121056926482845,3
"220586",220586,0.00107669460761553,3
"221697",221697,0.00164876394117875,3
"221998",221998,0.00136225683977289,3
"224524",224524,0.00139822864385119,3
"224945",224945,0.00168322307688905,3
"225390",225390,0.00164057168250379,3
"225574",225574,0.00170237710711276,3
"227475",227475,0.000738904455006437,3
"228064",228064,0.000762123689067769,3
"228151",228151,0.000771517897978609,3
"231775",231775,0.00116099393031069,3
"232176",232176,0.00126762898225685,3
"232320",232320,0.00128699938926783,3
"233381",233381,0.0011945034035607,3
"233586",233586,0.000952356178694926,3
"235356",235356,0.00104761003255306,3
"235687",235687,0.00111371242534423,3
"235874",235874,0.00111847394935607,3
"236987",236987,0.00101760229697065,3
"237177",237177,0.000967959462293899,3
"238653",238653,0.000218195676369405,3
"239031",239031,7.80209516125278e-05,3
"239686",239686,0.000291063856738826,3
"239807",239807,0.000365020307974897,3
"240966",240966,0.000201731989253127,3
"241524",241524,0.000148144060769271,3
"241874",241874,0.000217183061874631,3
"242847",242847,0.0007403126463643,3
"244159",244159,0.00185834313522839,3
"245913",245913,0.0014035564060823,3
"246646",246646,0.000999538468160572,3
"247360",247360,0.000674771844869646,3
"247373",247373,0.000622184165397879,3
"247740",247740,0.000660266131523313,3
"248323",248323,0.000506373259965656,3
"250653",250653,0.000301393123155009,3
"251800",251800,0.000594211064393652,3
"252038",252038,0.000751389806195945,3
"252124",252124,0.00069908855544823,3
"252365",252365,0.000946398260921914,3
"252897",252897,0.00108830429786327,3
"253595",253595,0.00106257712799385,3
"253986",253986,0.00107836377121166,3
"256345",256345,0.00149339706893948,3
"256408",256408,0.00150678529150886,3
"257338",257338,0.00137900553796815,3
"257560",257560,0.00173944794146385,3
"258205",258205,0.00212173434361283,3
"258576",258576,0.00255679485157212,3
"259002",259002,0.00270480860982349,3
"259704",259704,0.00299604018087701,3
"261112",261112,0.00229838200776634,3
"261450",261450,0.00195797079527716,3
"261568",261568,0.00191557510513135,3
"262248",262248,0.0019333799997021,3
"263197",263197,0.00210495116159547,3
"264301",264301,0.00226035381615164,3
"264304",264304,0.00223417578190531,3
"265013",265013,0.00247236935255871,3
"266205",266205,0.00250807019060394,3
"266220",266220,0.00245257415214357,3
"267443",267443,0.00252970068552818,3
"267559",267559,0.00244349936653774,3
"269541",269541,0.00212972127354335,3
"269559",269559,0.00215958296213489,3
"270936",270936,0.00225543597682083,3
"272676",272676,0.00273330234156762,3
"272848",272848,0.00281703834281016,3
"275907",275907,0.00277180442770959,3
"276989",276989,0.00201515977520399,3
"277963",277963,0.00248105665970869,3
"278969",278969,0.00256062974811898,3
"279829",279829,0.00257975050273426,3
"279886",279886,0.00242872891966534,3
"280059",280059,0.00262023746848083,3
"281211",281211,0.00293451546443607,3
"281679",281679,0.00279643475398137,3
"282028",282028,0.00262459692295113,3
"282037",282037,0.00265642387695965,3
"282061",282061,0.00260071796022144,3
"282086",282086,0.00254855751852258,3
"282426",282426,0.002907027404423,3
"282694",282694,0.00304583763848968,3
"283742",283742,0.00302510430800338,3
"284734",284734,0.00350468096464798,3
"285107",285107,0.00345248234455648,3
"285994",285994,0.00342395593833446,3
"287526",287526,0.00325255641718468,3
"287921",287921,0.00324292917962491,3
"287985",287985,0.00318908966616552,3
"288178",288178,0.00296238212791483,3
"288499",288499,0.00256000027857815,3
"288858",288858,0.00242704164776078,3
"288880",288880,0.00243438811992824,3
"290187",290187,0.00276015228676295,3
"290332",290332,0.00267780776457507,3
"290527",290527,0.00297190734349115,3
"291379",291379,0.00353999099366569,3
"293567",293567,0.00343725050497404,3
"293641",293641,0.00345209991887915,3
"294898",294898,0.00326306235652156,3
"295121",295121,0.00307578781569942,3
"296036",296036,0.0028423027735054,3
"296465",296465,0.00258007812272823,3
"297018",297018,0.00243477558442129,3
"297142",297142,0.00221725905659695,3
"299022",299022,0.0020927905535587,3
"299867",299867,0.00173150536442044,3
"299912",299912,0.00178213871004373,3
"300105",300105,0.00196169437822889,3
"301942",301942,0.00192768533163124,3
"302931",302931,0.00188134979945851,3
"303184",303184,0.00212577171045787,3
"304036",304036,0.00162931357457625,3
"304341",304341,0.00155505864997919,3
"304775",304775,0.00125312989971769,3
"305035",305035,0.00135703302519408,3
"305139",305139,0.00134007324438345,3
"305621",305621,0.00132586400384497,3
"306778",306778,0.00166739793565838,3
"306841",306841,0.00167854991768808,3
"310330",310330,0.000892820445768145,3
"310404",310404,0.000843608220310014,3
"311643",311643,0.00080837665265403,3
"312899",312899,0.00152464022752829,3
"312994",312994,0.00157434640196706,3
"313049",313049,0.0016547711170814,3
"313082",313082,0.00160170036259229,3
"313941",313941,0.00146032326340825,3
"315337",315337,0.000882925338343114,3
"315632",315632,0.000874606137389721,3
"315746",315746,0.000764446779456784,3
"316009",316009,0.000529595541132687,3
"317711",317711,0.00117282078352143,3
"318064",318064,0.00147109208618695,3
"318157",318157,0.00154488565892574,3
"319428",319428,0.00129750668292279,3
"319867",319867,0.00145962233907854,3
"320106",320106,0.00155488893863809,3
"320267",320267,0.00177826524641488,3
"320643",320643,0.00186685329822572,3
"322675",322675,0.00191654540139059,3
"325637",325637,0.00177200785685543,3
"325865",325865,0.00174041105376282,3
"326783",326783,0.00166312852364681,3
"326916",326916,0.00161448034606025,3
"327285",327285,0.00152867480248709,3
"327510",327510,0.0015790558840636,3
"328212",328212,0.00157030196137412,3
"329094",329094,0.001535415164558,3
"329870",329870,0.00142024832145913,3
"332081",332081,0.00111406499025833,3
"332946",332946,0.00120841474431481,3
"333033",333033,0.00132051768128249,3
"333041",333041,0.00128498175523887,3
"333532",333532,0.00150702220015429,3
"333942",333942,0.00163468368365533,3
"334012",334012,0.00157682938268417,3
"334574",334574,0.0017429891520748,3
"336497",336497,0.00137965617390625,3
"336687",336687,0.00114831090834078,3
"337287",337287,0.00142638249204293,3
"338173",338173,0.00117013131620825,3
"338258",338258,0.00124530313838551,3
"338490",338490,0.00128560911914585,3
"339062",339062,0.00147950742795375,3
"340443",340443,0.00139558004438501,3
"341127",341127,0.00133484248331968,3
"341683",341683,0.00119030782211703,3
"342202",342202,0.000996164369481991,3
"343191",343191,0.000466948211134781,3
"344995",344995,0.000177145257005087,3
"346268",346268,0.00033187104032849,3
"347166",347166,0.000262363704697439,3
"347308",347308,0.000442795251157019,3
"347957",347957,0.000455500985632678,3
"348383",348383,0.000368946141933016,3
"348728",348728,0.000334633731998847,3
"348812",348812,0.000376451800334772,3
"349044",349044,0.000330922327351211,3
"350405",350405,0.000649454237165401,3
"350534",350534,0.000706174159572945,3
"350571",350571,0.000811641729783029,3
"352166",352166,0.000608497503203188,3
"352927",352927,0.000685101882723202,3
"353081",353081,0.000727936249006916,3
"353612",353612,0.000518584195425056,3
"353879",353879,0.000404375714156848,3
"356658",356658,0.000105580824384805,3
"356742",356742,0.00011873796986989,3
"356955",356955,0.000271081708380703,3
"358468",358468,0.000259997326418482,3
"359315",359315,0.000878709492171441,3
"361081",361081,0.000769126834734047,3
"361789",361789,0.000916316780995437,3
"362149",362149,0.00103361774467144,3
"362311",362311,0.00117934501986653,3
"362565",362565,0.000922216540268043,3
"363450",363450,0.00130953386234993,3
"363836",363836,0.00138829492023474,3
"363887",363887,0.00136481545640931,3
"364046",364046,0.00133810445452532,3
"364721",364721,0.00141982501040825,3
"364975",364975,0.00100127596530845,3
"365251",365251,0.000833472433942311,3
"365800",365800,0.00119495669678846,3
"366528",366528,0.00101531373189473,3
"366844",366844,0.000632914042021043,3
"367242",367242,0.000609356818252028,3
"367705",367705,0.000546864170054056,3
"367895",367895,0.00047028845568801,3
"368586",368586,0.000246528298546682,3
"368623",368623,0.000266207874012334,3
"368660",368660,0.000178335318255175,3
"369002",369002,0.000245406255693559,3
"369269",369269,1.94164008043317e-06,3
"369339",369339,2.32318745794151e-05,3
"369500",369500,3.69392943071913e-05,3
"369662",369662,0.000153391292646561,3
"370416",370416,0.000476014895396751,3
"370474",370474,0.000552230383744049,3
"371895",371895,0.00058634213608922,3
"372001",372001,0.000551373709954367,3
"374182",374182,0.000337095221622263,3
"375605",375605,0.000588126086039594,3
"375934",375934,0.000539926862099051,3
"376933",376933,0.000638032724862988,3
"378260",378260,0.000475309720294279,3
"378464",378464,0.000411691887344954,3
"378496",378496,0.000417637238295935,3
"379205",379205,0.000509080611302513,3
"379384",379384,0.000405863175475535,3
"380806",380806,0.000754701453502634,3
"381592",381592,0.00073487021096161,3
"382168",382168,0.000866307891122148,3
"382347",382347,0.000893345904113588,3
"382524",382524,0.000837397298887879,3
"382912",382912,0.000788497780631444,3
"385170",385170,0.000907416323772742,3
"385715",385715,0.000751504818854726,3
"385928",385928,0.000712274270999139,3
"385973",385973,0.000803098679845844,3
"387190",387190,0.000769297559612002,3
"387961",387961,0.000455634182107732,3
"389625",389625,0.000654012952459736,3
"390145",390145,0.000639440098412855,3
"390390",390390,0.00055568372739777,3
"390598",390598,0.000580366024143661,3
"390677",390677,0.000579487360357484,3
"390889",390889,0.000690439883824004,3
"391246",391246,0.000563548390438277,3
"391677",391677,0.000575122856789468,3
"391777",391777,0.000577217688017891,3
"391955",391955,0.000651753243684406,3
"391969",391969,0.000636870738309131,3
"392194",392194,0.000603633181476211,3
"393005",393005,0.000623032495038543,3
"393122",393122,0.000542254603360699,3
"397763",397763,0.000964845624588275,3
"398448",398448,0.000741953776191194,3
"401957",401957,0.000932976350500786,3
"402163",402163,0.000951785253436804,3
"402722",402722,0.00120632252567575,3
"403640",403640,0.000825729326051519,3
"404143",404143,0.000769410693147113,3
"404155",404155,0.000774553742149883,3
"404927",404927,0.000696800513167193,3
"406131",406131,0.000828158110465232,3
"407045",407045,0.000880110681570604,3
"407092",407092,0.00089806711989389,3
"407263",407263,0.000830795770623689,3
"408015",408015,0.000777428491536547,3
"408430",408430,0.000700620599328072,3
"409002",409002,0.000765239964040928,3
"409834",409834,0.000737980589949342,3
"410931",410931,0.000655733525753642,3
"412445",412445,0.000238555337387351,3
"412850",412850,0.000427005156260636,3
"414531",414531,0.000152424890532332,3
"414643",414643,0.000159536958721319,3
"415309",415309,7.48522923418017e-05,3
"416020",416020,0.000128811139438908,3
"416477",416477,8.80274300766991e-05,3
"416613",416613,0.000152725529145435,3
"417685",417685,8.46946180736683e-05,3
"419370",419370,0.000320545521204455,3
"419995",419995,0.000203333526090489,3
"420821",420821,0.000493403178660862,3
"421107",421107,0.000725001092617655,3
"422627",422627,0.000425627019036275,3
"423047",423047,0.000574506044249735,3
"423960",423960,0.000599195327904123,3
"424229",424229,0.000555317260865538,3
"424685",424685,0.000508134587666114,3
"425335",425335,0.000940258305966353,3
"425906",425906,0.00106946487080106,3
"425936",425936,0.00107000810205598,3
"426420",426420,0.00115779502923554,3
"427419",427419,0.000755862374692453,3
"428291",428291,0.000799976239415026,3
"428901",428901,0.000603333068503407,3
"429081",429081,0.000514360314648802,3
"429640",429640,0.000522810409777755,3
"430009",430009,0.000550643946485657,3
"430902",430902,0.000275560768756436,3
"431847",431847,0.000282699119565936,3
"432885",432885,0.000161112478984905,3
"433092",433092,0.0001125928881601,3
"433435",433435,1.08990851260347e-05,3
"433563",433563,3.57376860798396e-05,3
"434112",434112,1.87970436276432e-05,3
"434389",434389,4.0358327326138e-05,3
"435345",435345,0.000141521846037918,3
"435560",435560,4.33790922283563e-05,3
"435613",435613,7.40232385233454e-05,3
"435647",435647,0.000106556750761145,3
"435722",435722,2.84290664153973e-05,3
"435863",435863,0.000193879968640849,3
"436656",436656,0.000375070485116674,3
"436705",436705,0.000399010422049714,3
"437568",437568,0.000396759683607165,3
"437657",437657,0.00032921308204529,3
"437719",437719,0.000346038569408358,3
"437800",437800,0.000410008258759719,3
"438854",438854,0.000288550643240478,3
"441473",441473,0.000259437031978994,3
"441685",441685,0.000205725412357638,3
"441786",441786,0.00017899035206032,3
"442110",442110,0.000208295417755523,3
"442142",442142,0.000158323943995088,3
"442144",442144,0.000153799814643842,3
"442266",442266,0.000191676861151743,3
"442364",442364,0.000194170275371197,3
"442600",442600,0.000153551418749725,3
"442987",442987,6.29546499315425e-05,3
"443485",443485,9.55959659527426e-06,3
"444245",444245,2.00572978002142e-05,3
"445264",445264,4.66619283636017e-05,3
"446277",446277,0.00046867988507095,3
"446301",446301,0.000478010797344829,3
"446915",446915,0.000675724147676664,3
"448642",448642,0.000346801227209906,3
"448926",448926,0.000427208813094944,3
"449431",449431,0.000469679253608892,3
"449696",449696,0.000573766496442794,3
"449853",449853,0.00050391820093682,3
"449951",449951,0.000479285867403001,3
"450664",450664,0.000652982614086772,3
"450814",450814,0.000721649326708233,3
"451784",451784,0.000892536234990968,3
"453818",453818,0.000718216674216843,3
"453874",453874,0.000710476004458556,3
"455190",455190,0.000703325860584607,3
"455705",455705,0.000614575053524901,3
"456178",456178,0.000520918727912697,3
"457361",457361,0.000397081081923761,3
"458126",458126,0.000443537461437483,3
"458638",458638,0.000154597888590688,3
"459812",459812,0.000487047145180694,3
"460358",460358,0.000402147054902603,3
"460790",460790,0.000371283229475789,3
"461257",461257,0.000760162847071508,3
"461482",461482,0.000839250610886962,3
"461545",461545,0.000825301549576389,3
"461675",461675,0.000849012111279688,3
"462570",462570,0.00123936019008985,3
"462798",462798,0.00128162849231746,3
"463420",463420,0.00148847624958064,3
"463723",463723,0.00154240500627363,3
"463873",463873,0.00154474609471552,3
"463908",463908,0.00151324209688967,3
"464106",464106,0.00166157472507935,3
"464401",464401,0.00171945794820271,3
"465693",465693,0.00138146802229989,3
"466472",466472,0.00134920368113757,3
"466779",466779,0.0010716632561853,3
"466943",466943,0.000891812170882765,3
"466986",466986,0.000877680615689563,3
"468199",468199,0.000777485515864751,3
"469202",469202,0.000505176102004092,3
"469769",469769,0.000445535893793678,3
"469923",469923,0.000456705204387384,3
"470577",470577,0.000582020782231925,3
"470890",470890,0.000551686628031696,3
"471298",471298,0.000575637053824025,3
"473424",473424,0.00058317803567564,3
"473899",473899,0.000748267783390715,3
"474084",474084,0.000720040735904924,3
"474099",474099,0.000730749514634575,3
"474337",474337,0.00058433158909432,3
"474500",474500,0.000572524900404594,3
"474738",474738,0.00044718923318015,3
"475747",475747,0.000775307895600116,3
"476383",476383,0.0006736388921708,3
"476411",476411,0.000607536450159332,3
"476633",476633,0.000594706936805749,3
"476989",476989,0.000509382453955739,3
"478475",478475,0.00108612591856194,3
"479637",479637,0.00115023610616799,3
"479843",479843,0.00106262119631561,3
"480531",480531,0.00102829307050013,3
"481226",481226,0.00109098586656885,3
"481484",481484,0.00102922963103031,3
"481498",481498,0.00101710338041478,3
"481783",481783,0.00101140986399369,3
"481790",481790,0.0010259243207714,3
"483197",483197,0.00161674007284124,3
"484192",484192,0.00153934272017492,3
"484209",484209,0.00155392661488114,3
"484767",484767,0.00155815737983826,3
"485543",485543,0.00137780543366225,3
"485652",485652,0.00143865640182786,3
"485868",485868,0.00129095390909068,3
"486518",486518,0.00121946753226592,3
"487154",487154,0.00111946656667873,3
"487563",487563,0.000961221193620136,3
"488203",488203,0.000991777331147111,3
"488277",488277,0.000980777803545739,3
"488624",488624,0.00108166176962531,3
"489970",489970,0.00143863682364936,3
"491257",491257,0.00161323977905562,3
"491811",491811,0.0015890681223572,3
"492498",492498,0.00149243246221394,3
"492749",492749,0.00147804129916658,3
"492967",492967,0.00151746427262413,3
"493389",493389,0.001748685700168,3
"493901",493901,0.00175999077895649,3
"493949",493949,0.00175665972642368,3
"494888",494888,0.00156769570609428,3
"495100",495100,0.00161483015281622,3
"496043",496043,0.00141464289980429,3
"497597",497597,0.00128625911594913,3
"497772",497772,0.00125902480127582,3
"498047",498047,0.00113381515783074,3
"498094",498094,0.00106886614393261,3
"499278",499278,0.00125392310871748,3
"499564",499564,0.00117092973974849,3
"499656",499656,0.00117629877673744,3
"501278",501278,0.000690744972670844,3
"501884",501884,0.000929614276230529,3
"503709",503709,0.000456266388316245,3
"504255",504255,0.000516389971120774,3
"504632",504632,0.000536314849460366,3
"505750",505750,0.000511425272334279,3
"506067",506067,0.000569490139694221,3
"507760",507760,0.000895550533350698,3
"507770",507770,0.000856663852744434,3
"508325",508325,0.000719069461626043,3
"508334",508334,0.000736761625390171,3
"508759",508759,0.00053891045598056,3
"508761",508761,0.000542839456393545,3
"509188",509188,0.000485508990748946,3
"509232",509232,0.000494011844450817,3
"509961",509961,0.000328982089234379,3
"510334",510334,0.000127335208532617,3
"510445",510445,0.000169996539084771,3
"510448",510448,0.000175872730215707,3
"510908",510908,0.000164220393100841,3
"511949",511949,0.000299850294855147,3
"512335",512335,0.000298502176548882,3
"512808",512808,0.00056340590855379,3
"513096",513096,0.00068006564231117,3
"513228",513228,0.000666698752560393,3
"513327",513327,0.000647023258579565,3
"513378",513378,0.000649762198120612,3
"513437",513437,0.000629460617432498,3
"514441",514441,0.000479668140589321,3
"514469",514469,0.000456999829931078,3
"514709",514709,0.000499397382327698,3
"515051",515051,0.000585726431363164,3
"515096",515096,0.00059606417404123,3
"515713",515713,0.000484769941527317,3
"516557",516557,0.000448435827952096,3
"516764",516764,0.000484382197755863,3
"516841",516841,0.000499043294411607,3
"518379",518379,0.000137364834563602,3
"518619",518619,0.000236928576928104,3
"518842",518842,5.52884353490455e-05,3
"520059",520059,0.000336828566288894,3
"521499",521499,0.000284120138786929,3
"521779",521779,0.000307677310705928,3
"522162",522162,0.000243656335041941,3
"523562",523562,0.000380081467998089,3
"523679",523679,0.00031949637472138,3
"524197",524197,0.000361895693636063,3
"524225",524225,0.000339655538192367,3
"525593",525593,0.000112690255019514,3
"526039",526039,1.82881955627668e-05,3
"526857",526857,8.47504519666205e-05,3
"526859",526859,9.97677689359486e-05,3
"527045",527045,8.68642658600908e-06,3
"527085",527085,2.81578936868458e-05,3
"527803",527803,0.000113930092794712,3
"528120",528120,0.000151758502302268,3
"528453",528453,0.000421856341306923,3
"529091",529091,0.000170957987067418,3
"529730",529730,0.000274299736614223,3
"530051",530051,0.000341746758612325,3
"530098",530098,0.000383944964635394,3
"530323",530323,0.00035201980303634,3
"530525",530525,0.000232702872501503,3
"531869",531869,0.000426106229782603,3
"531872",531872,0.000439099769174217,3
"532421",532421,0.00026389842835464,3
"532561",532561,0.000280132673352373,3
"532889",532889,0.00040848067934204,3
"533154",533154,0.000506166248397959,3
"533283",533283,0.000542952300239499,3
"533872",533872,0.000590220640628541,3
"534266",534266,0.000371805918231947,3
"534365",534365,0.000334866028886988,3
"535743",535743,0.000426126579752822,3
"536264",536264,0.00050775081682059,3
"536908",536908,0.000304607309893583,3
"537766",537766,0.000183203009676331,3
"539667",539667,0.000388559064035636,3
"540714",540714,0.000486290855673621,3
"542995",542995,0.00055505842522761,3
"543024",543024,0.000574638804204907,3
"543064",543064,0.000555697295936754,3
"543922",543922,0.000635729761995438,3
"543966",543966,0.000645901203593866,3
"545106",545106,0.000717103624348357,3
"545498",545498,0.000579447014505185,3
"546062",546062,0.000544364894699637,3
"546085",546085,0.00053852667502953,3
"546598",546598,0.000542472897153492,3
"547100",547100,0.000367234331604843,3
"548198",548198,0.000497176054744683,3
"548798",548798,0.000613462242380613,3
"549062",549062,0.000529511730803347,3
"551150",551150,0.000785584401509438,3
"551551",551551,0.000669002319568821,3
"551628",551628,0.000709011651657779,3
"551786",551786,0.000709886675292483,3
"551798",551798,0.000706087566672869,3
"552970",552970,0.00109467537370414,3
"553057",553057,0.00113434347728959,3
"553595",553595,0.0010745719952713,3
"553642",553642,0.00106120271968222,3
"554424",554424,0.000954351538853678,3
"554458",554458,0.000946603587437627,3
"555428",555428,0.000858229141078599,3
"555514",555514,0.000774657718399624,3
"555520",555520,0.000763848660316624,3
"555876",555876,0.000640046292226224,3
"556069",556069,0.000613602949586894,3
"557226",557226,0.000581642027302517,3
"558088",558088,0.000599148760201121,3
"558530",558530,0.000570428431185083,3
"558544",558544,0.0005808418815238,3
"558678",558678,0.000571499259322894,3
"559430",559430,0.000626255533774266,3
"560249",560249,0.000366576726056445,3
"562096",562096,0.000817931459793027,3
"562881",562881,0.000654860386058414,3
"562995",562995,0.00064590702952443,3
"563483",563483,0.000641260082532971,3
"563656",563656,0.00063309213921289,3
"564566",564566,0.000600358880984088,3
"564623",564623,0.000604678308559425,3
"565053",565053,0.000562450925482042,3
"565340",565340,0.000615566353098887,3
"566449",566449,0.000528922001762999,3
"567210",567210,0.000602058788173567,3
"568080",568080,0.000552789930839504,3
"568123",568123,0.000581743693748365,3
"568180",568180,0.000586037947719959,3
"568583",568583,0.00052186862939995,3
"568842",568842,0.000362548227178069,3
"568910",568910,0.000277824286527548,3
"568954",568954,0.000339841954999154,3
"569109",569109,0.000363483036463647,3
"569119",569119,0.000345905632036194,3
"569211",569211,0.000340947505085015,3
"569846",569846,0.000269900563376669,3
"570000",570000,0.000173550065716006,3
"573787",573787,1.30049755723099e-06,3
"573940",573940,4.33632318110808e-05,3
"574332",574332,3.55208645609574e-05,3
"574471",574471,1.86573345822745e-05,3
"574525",574525,2.63821542051404e-05,3
"574558",574558,6.65642616458082e-05,3
"575509",575509,0.00030659194674171,3
"576368",576368,0.000489480486293801,3
"577273",577273,0.000459554362384321,3
"577466",577466,0.00045032047496532,3
"577662",577662,0.000514920340552147,3
"578541",578541,0.000577167003017378,3
"580352",580352,0.000314125756253918,3
"580692",580692,0.000472710246297664,3
"581999",581999,0.000537355324124371,3
"582317",582317,0.000487387501505969,3
"583356",583356,0.000585420216154177,3
"583533",583533,0.000497878096471815,3
"584434",584434,0.000614107561673629,3
"585094",585094,0.000724968385555443,3
"586207",586207,0.00052552181725596,3
"586515",586515,0.000543377790623724,3
"586771",586771,0.00043885864434884,3
"586877",586877,0.000366050900057335,3
"588109",588109,0.000521886882093442,3
"588278",588278,0.000522574946890481,3
"588631",588631,0.000532580022180669,3
"589227",589227,0.000567840206099363,3
"591054",591054,0.000822985178813716,3
"591757",591757,0.0010384707776361,3
"592403",592403,0.000990025778101272,3
"593528",593528,0.000979744742277928,3
"593713",593713,0.00107399976431124,3
"594102",594102,0.00111074703046599,3
"594216",594216,0.00113557233610965,3
"594232",594232,0.00112910596378131,3
"594661",594661,0.00118296604450107,3
"594807",594807,0.00122815910667636,3
"594970",594970,0.00123522662341401,3
"595236",595236,0.00121528569722956,3
"595992",595992,0.00106854900502818,3
"596235",596235,0.00107668014148179,3
"596252",596252,0.00102204016698697,3
"596369",596369,0.00100195546435192,3
"597152",597152,0.00119972677891893,3
"597241",597241,0.00121579365895656,3
"598504",598504,0.00122016762078927,3
"598593",598593,0.00118651778853193,3
"599163",599163,0.00102831000872146,3
"599776",599776,0.00118993098832019,3
"600977",600977,0.00130571343798665,3
"602016",602016,0.00097120588500785,3
"602478",602478,0.000931129028894218,3
"602946",602946,0.000933935019513031,3
"603023",603023,0.000995755836621943,3
"603504",603504,0.000987179778209364,3
"604942",604942,0.000887734776993647,3
"605923",605923,0.000656769797377207,3
"606895",606895,0.000591386911295359,3
"607079",607079,0.000731021792073883,3
"607279",607279,0.000717351066590598,3
"607385",607385,0.000695911326660865,3
"607466",607466,0.000747573050399171,3
"608254",608254,0.000771018881382739,3
"608471",608471,0.000752698521918276,3
"608520",608520,0.000735427190097376,3
"608955",608955,0.000733036623772423,3
"609750",609750,0.000784171551249067,3
"610190",610190,0.000822427642356413,3
"610233",610233,0.000746645166962904,3
"610798",610798,0.000745964080361093,3
"611323",611323,0.000825829912271581,3
"611828",611828,0.000759492902987016,3
"613442",613442,0.00106175543434984,3
"615323",615323,0.0011352938672623,3
"615879",615879,0.00116794826707286,3
"615973",615973,0.00123991460707932,3
"616283",616283,0.00140454658026283,3
"616595",616595,0.00145972184864894,3
"616844",616844,0.00150927831838086,3
"616883",616883,0.00149206313760189,3
"617039",617039,0.001503544691637,3
"617333",617333,0.00143315140696263,3
"617436",617436,0.00148735482025722,3
"619352",619352,0.00139149137889132,3
"619748",619748,0.00135782848547227,3
"620342",620342,0.0011955647386011,3
"621856",621856,0.00123635102945194,3
"621866",621866,0.00123647237132905,3
"622764",622764,0.00110092185092474,3
"623360",623360,0.00107010307566141,3
"623471",623471,0.00100947242408078,3
"625136",625136,0.00111738262920299,3
"625163",625163,0.00112881240746074,3
"625232",625232,0.0010646572663639,3
"625415",625415,0.00113506599383614,3
"626157",626157,0.0010998033794716,3
"626212",626212,0.00106090614658236,3
"626403",626403,0.00112813873550003,3
"627702",627702,0.00117398174814691,3
"627735",627735,0.00117911882716323,3
"628477",628477,0.00136473878366631,3
"628711",628711,0.00131074234073813,3
"629627",629627,0.00120511429098217,3
"631124",631124,0.00137543107440998,3
"631992",631992,0.00124131075015575,3
"632160",632160,0.00127153852202321,3
"632247",632247,0.00125219101247142,3
"633594",633594,0.000762886435201932,3
"634417",634417,0.000715480435190051,3
"634595",634595,0.000730238850790896,3
"634846",634846,0.000734983714108956,3
"635117",635117,0.000755584939963548,3
"635912",635912,0.00057077780405048,3
"636083",636083,0.000527794160335965,3
"636621",636621,0.000516085861569304,3
"636884",636884,0.000524168398995349,3
"637596",637596,0.00036549141189784,3
"638428",638428,0.00061245395146093,3
"638612",638612,0.000527887789260017,3
"638685",638685,0.000564526466669598,3
"638890",638890,0.000528376543721926,3
"639175",639175,0.000431256317046059,3
"640020",640020,0.000450025461514581,3
"641769",641769,0.000440298256571618,3
"641870",641870,0.000396827171382815,3
"642374",642374,0.000548453322072187,3
"642809",642809,0.000453794594058332,3
"644229",644229,0.000549082467935763,3
"644738",644738,0.00050792295742906,3
"644757",644757,0.000522002946264885,3
"645476",645476,0.000667875851616347,3
"647525",647525,0.000646098278797824,3
"648021",648021,0.000875648403999176,3
"648285",648285,0.000793245031341822,3
"649268",649268,0.000657253430210204,3
"651141",651141,0.000685191556127915,3
"652283",652283,0.000398484169261652,3
"652368",652368,0.000467950201374828,3
"653046",653046,0.000579795102867875,3
"653896",653896,0.000742043864920821,3
"654112",654112,0.000678022853034083,3
"654790",654790,0.000743938493127332,3
"655203",655203,0.000677901800239075,3
"655313",655313,0.000709513912136546,3
"656356",656356,0.000621159737977735,3
"657226",657226,0.000797863117446464,3
"657734",657734,0.000861296533906094,3
"657763",657763,0.000860138803985841,3
"657845",657845,0.000924410412358565,3
"657865",657865,0.000909582107897532,3
"657957",657957,0.00091369592616824,3
"658161",658161,0.000967340214263069,3
"658198",658198,0.000887963803963904,3
"658264",658264,0.000867674025961123,3
"658775",658775,0.000875317812337191,3
"658919",658919,0.000837933743128044,3
"659216",659216,0.000806929390099268,3
"661474",661474,0.000306682167700439,3
"661509",661509,0.000299638504977863,3
"662115",662115,0.000406207305801143,3
"664150",664150,0.000334861927060337,3
"664358",664358,0.000364362534836455,3
"664539",664539,0.000308483394766195,3
"665116",665116,0.000251751881400301,3
"665357",665357,0.000256331458000935,3
"665786",665786,0.000379439784451078,3
"666767",666767,0.000318959024401128,3
"667150",667150,0.000298559885696242,3
"667598",667598,0.000197350750657421,3
"667616",667616,0.000209459911588997,3
"667723",667723,0.000236069725645615,3
"668048",668048,2.50832494409277e-05,3
"668210",668210,4.39965362982236e-05,3
"669104",669104,1.816422814207e-05,3
"669994",669994,0.000251722520138253,3
"670480",670480,0.000444180537055532,3
"671284",671284,0.000371477421943009,3
"671703",671703,0.000345734667290239,3
"672817",672817,0.000512919597630944,3
"673195",673195,0.000588238396828062,3
"675510",675510,0.000608982587800308,3
"675830",675830,0.00059818586111656,3
"678064",678064,0.000324011440847007,3
"678388",678388,0.000319284268383186,3
"679611",679611,0.000397229591960738,3
"681886",681886,0.000679591894830869,3
"681980",681980,0.00062838482576094,3
"682043",682043,0.000633497909751038,3
"682492",682492,0.000593835921832904,3
"682790",682790,0.00050740323421692,3
"682945",682945,0.000516538202579656,3
"683578",683578,0.000340036758069366,3
"683946",683946,0.000341680567227377,3
"684048",684048,0.000287875359338388,3
"684932",684932,0.000290155391667087,3
"685689",685689,0.000425295986796001,3
"687702",687702,0.000252293126901929,3
"688150",688150,6.77122110583013e-05,3
"688560",688560,0.0001160877631044,3
"692155",692155,5.36932142702728e-05,3
"694253",694253,0.00032255440243921,3
"695341",695341,0.00023988357391021,3
"695481",695481,0.000223815171791129,3
"695544",695544,0.000218724147005162,3
"696173",696173,0.000368634588893472,3
"696620",696620,0.000352802509463567,3
"696932",696932,0.000445426601187869,3
"697001",697001,0.000431714044357431,3
"697009",697009,0.000434452494491797,3
"697155",697155,0.000438209537711707,3
"697274",697274,0.000494919959579347,3
"697727",697727,0.00052725402455761,3
"698488",698488,0.000671792305190512,3
"699196",699196,0.000778466887292229,3
"700199",700199,0.000887930926560741,3
"700272",700272,0.000910985945125675,3
"701670",701670,0.000993384540826061,3
"701911",701911,0.000974494240876448,3
"702085",702085,0.000994665334035174,3
"702685",702685,0.00108506022454038,3
"702698",702698,0.00108064591329878,3
"703532",703532,0.00104922921252844,3
"704432",704432,0.000952241361718235,3
"705144",705144,0.000925543937208645,3
"705267",705267,0.000961798050368516,3
"705340",705340,0.000928467570390581,3
"706531",706531,0.000896666009187476,3
"706759",706759,0.000784149906357689,3
"707989",707989,0.000753529690593238,3
"708303",708303,0.00079968172615959,3
"708461",708461,0.000744378452601027,3
"708634",708634,0.000807795026985159,3
"709821",709821,0.00085180478979995,3
"710623",710623,0.000838142272149701,3
"710691",710691,0.000826063991909208,3
"712232",712232,0.000748215412641344,3
"712889",712889,0.000535039877146604,3
"713399",713399,0.000597850595097715,3
"714809",714809,0.000371344593515318,3
"715516",715516,0.000366455960159245,3
"715750",715750,0.000288682233497158,3
"718126",718126,0.000205105174528113,3
"718575",718575,0.000278056200789813,3
"718771",718771,0.000247278084728238,3
"718905",718905,0.000240596216203703,3
"719265",719265,0.000120842538173298,3
"720245",720245,0.000270249894468942,3
"720744",720744,0.000371036702150982,3
"721294",721294,0.000322481496915428,3
"722328",722328,0.000353802984835766,3
"723022",723022,0.000367376806502978,3
"723204",723204,0.000372235645205351,3
"723927",723927,0.00050797260929357,3
"724103",724103,0.000477130360028515,3
"724822",724822,0.000442975195891579,3
"725454",725454,0.000589606960647598,3
"726640",726640,0.000679368879365149,3
"726927",726927,0.000664841530774596,3
"728561",728561,0.000674883847352121,3
"729239",729239,0.000679703005151488,3
"729638",729638,0.00066919025268824,3
"730732",730732,0.000551115105744776,3
"731061",731061,0.000580580720744964,3
"731569",731569,0.000475172422928801,3
"731740",731740,0.00041073809826615,3
"732604",732604,0.000398962909085666,3
"734106",734106,0.000418815685671291,3
"734280",734280,0.000304704577399558,3
"734664",734664,0.000355008879600007,3
"734834",734834,0.000410914476189423,3
"735742",735742,0.000566747147824828,3
"735958",735958,0.000711923399042822,3
"739498",739498,0.000696940303274629,3
"740003",740003,0.000601997060111931,3
"740932",740932,0.000677805733180179,3
"742119",742119,0.000566552211220215,3
"742546",742546,0.000634016468423428,3
"743683",743683,0.000695789471239985,3
"743796",743796,0.000701015926702965,3
"744181",744181,0.000765134808264922,3
"744676",744676,0.00067063344989565,3
"745157",745157,0.00069050181926727,3
"745570",745570,0.000805330668848342,3
"746333",746333,0.000830751191655715,3
"748870",748870,0.00085371799005153,3
"748928",748928,0.000864920126767603,3
"748994",748994,0.000807388232185634,3
"749503",749503,0.000798256551705313,3
"750154",750154,0.000793293011221363,3
"750494",750494,0.00078370472244836,3
"751144",751144,0.000843410621327206,3
"751322",751322,0.000882231794378354,3
"752752",752752,0.000791895953529853,3
"753912",753912,0.000777894829600239,3
"755271",755271,0.000882853004568618,3
"755896",755896,0.000830375261647641,3
"756425",756425,0.000782209983757148,3
"757298",757298,0.000939336497931239,3
"757314",757314,0.000921178159791325,3
"757629",757629,0.000970237583365809,3
"757674",757674,0.000951077985301989,3
"757975",757975,0.000929341155277142,3
"758236",758236,0.000854915439133277,3
"759316",759316,0.000657325248324313,3
"760545",760545,0.000708250275808454,3
"760710",760710,0.000755607117940474,3
"761109",761109,0.000732465928538296,3
"762088",762088,0.000676473144697457,3
"762842",762842,0.000754651158110085,3
"763513",763513,0.000957739210007223,3
"763939",763939,0.00100881273435651,3
"764340",764340,0.000988251185580914,3
"765099",765099,0.000942865776880618,3
"765746",765746,0.0011527176583708,3
"767294",767294,0.00106217943239248,3
"767486",767486,0.00101503325018544,3
"767872",767872,0.00100086561949286,3
"768008",768008,0.00100998735644028,3
"768353",768353,0.00101992744763988,3
"769288",769288,0.00102291933916409,3
"770297",770297,0.000915984329895041,3
"770427",770427,0.000891580006716875,3
"771327",771327,0.000913637742170841,3
"772104",772104,0.000994732102683464,3
"772812",772812,0.00110191018641435,3
"773321",773321,0.00106723055170415,3
"773507",773507,0.00105114528431422,3
"773698",773698,0.00101590067079116,3
"773938",773938,0.00100550155779839,3
"774488",774488,0.00101102414631144,3
"774921",774921,0.000929665299982304,3
"774938",774938,0.000913209353034147,3
"775795",775795,0.000981952968707353,3
"776265",776265,0.00108882824470982,3
"776928",776928,0.000907848386358053,3
"777574",777574,0.000769068018430543,3
"777739",777739,0.000713416139888603,3
"778184",778184,0.00072439900940143,3
"778970",778970,0.000651091287290513,3
"779506",779506,0.000422708429076212,3
"779915",779915,0.000514786484741311,3
"779986",779986,0.000504101710070291,3
"780223",780223,0.000490100681318647,3
"780306",780306,0.000558308265698891,3
"780797",780797,0.000450494763245021,3
"780889",780889,0.000454015047899648,3
"782120",782120,0.000569778135078364,3
"783010",783010,0.000579112685569772,3
"783472",783472,0.000649738244309159,3
"785024",785024,0.000718847867505864,3
"786056",786056,0.000757176129992443,3
"786138",786138,0.000785752337916745,3
"786957",786957,0.000906175013346309,3
"789358",789358,0.00100673090550323,3
"789749",789749,0.00099928454486886,3
"789774",789774,0.00100580623548203,3
"790902",790902,0.00111465252725349,3
"791386",791386,0.00111182682800944,3
"792213",792213,0.00104100833365726,3
"792427",792427,0.00103559370994082,3
"792905",792905,0.00105026459158737,3
"793346",793346,0.001068306120666,3
"793998",793998,0.00130184712909996,3
"794777",794777,0.00117074370009658,3
"795500",795500,0.00119385986233631,3
"795766",795766,0.00120387009477166,3
"796036",796036,0.00128115204550261,3
"796440",796440,0.00124015282156218,3
"796850",796850,0.0011569589813745,3
"797058",797058,0.00120620549141219,3
"797929",797929,0.00138963082570862,3
"798139",798139,0.00146609057269036,3
"799020",799020,0.00156223578550376,3
"799182",799182,0.00157858280817519,3
"799502",799502,0.00153187428440514,3
"800832",800832,0.00151916071080863,3
"801485",801485,0.00161535921500881,3
"802232",802232,0.00168010464965266,3
"802736",802736,0.00162776294782998,3
"803119",803119,0.00157316693952285,3
"806531",806531,0.00163070220824629,3
"806545",806545,0.00162345253707497,3
"806829",806829,0.00168002792669412,3
"807790",807790,0.00171424567087629,3
"807798",807798,0.00172413215986825,3
"808680",808680,0.00163622373829402,3
"809350",809350,0.00161764517655474,3
"809374",809374,0.00161050959054596,3
"809603",809603,0.00169701661148265,3
"809847",809847,0.00166732843481762,3
"810518",810518,0.0017600475804743,3
"810895",810895,0.00175964517841912,3
"813275",813275,0.0014511208138943,3
"813621",813621,0.00137626853011073,3
"814546",814546,0.00134208734674747,3
"814612",814612,0.00137432687897509,3
"814633",814633,0.00136356694760656,3
"815593",815593,0.00134799241684517,3
"816940",816940,0.00122314389837405,3
"817133",817133,0.00122856841224056,3
"817235",817235,0.00120767913167589,3
"817820",817820,0.00117067644817949,3
"818234",818234,0.00117937327300938,3
"818496",818496,0.00112367780600645,3
"819399",819399,0.000990584102615839,3
"820366",820366,0.000899482575323274,3
"822180",822180,0.000969920696600334,3
"822374",822374,0.00103685051436765,3
"823440",823440,0.00100594981259203,3
"823493",823493,0.00104617156123587,3
"823787",823787,0.00117406996412722,3
"824779",824779,0.00102939045018444,3
"825184",825184,0.0011713344674087,3
"825878",825878,0.00118253080008798,3
"826898",826898,0.00104805897279381,3
"827046",827046,0.00103506095048276,3
"827547",827547,0.00110083778234015,3
"828869",828869,0.000900224630140354,3
"828891",828891,0.000914783862845501,3
"829056",829056,0.00100601950645035,3
"830007",830007,0.00105195031193019,3
"830929",830929,0.0010509845715659,3
"831359",831359,0.00109075193145921,3
"831937",831937,0.00109371275116882,3
"832699",832699,0.00125787695751064,3
"832997",832997,0.00111539585899762,3
"833010",833010,0.00111908527659377,3
"833456",833456,0.0010232859165314,3
"835098",835098,0.00117147991881197,3
"835424",835424,0.00116970383885731,3
"835632",835632,0.00114550252207569,3
"837884",837884,0.00102643367500674,3
"839967",839967,0.00122621719622351,3
"840439",840439,0.00123281952511181,3
"840462",840462,0.0012129767871211,3
"841179",841179,0.00123946083927003,3
"841500",841500,0.00119639930795447,3
"842222",842222,0.00109933436953731,3
"844155",844155,0.00115567609265753,3
"845635",845635,0.000922870567983368,3
"846435",846435,0.000860035721565448,3
"847803",847803,0.00066003155234255,3
"849363",849363,0.000546577832015293,3
"850189",850189,0.000444986469771484,3
"850465",850465,0.000536270204779996,3
"851114",851114,0.000704439072210494,3
"851193",851193,0.000692379229607444,3
"851321",851321,0.000679623620419325,3
"851516",851516,0.000757143194999059,3
"851992",851992,0.000663900096620539,3
"853589",853589,0.000652380382822698,3
"854645",854645,0.000657786378881907,3
"854745",854745,0.000623946936751151,3
"854970",854970,0.000678265107099755,3
"855487",855487,0.000760792746150827,3
"855904",855904,0.00073806462820325,3
"858992",858992,0.000603124290548055,3
"859050",859050,0.000635984408684481,3
"859219",859219,0.000624896796327997,3
"860031",860031,0.000473548372968537,3
"860637",860637,0.000520860861126869,3
"862380",862380,0.000563994405471875,3
"862906",862906,0.0006792788982857,3
"863229",863229,0.000674272944534604,3
"864394",864394,0.000576262119801352,3
"864513",864513,0.00055331386035306,3
"865154",865154,0.000537642166160435,3
"865203",865203,0.00054841991788547,3
"867754",867754,0.000322466072130779,3
"867893",867893,0.000334099835612869,3
"869234",869234,0.000200029828139702,3
"870569",870569,0.000173339881912797,3
"871564",871564,5.23800413201492e-05,3
"874182",874182,2.5792921054359e-05,3
"875770",875770,0.000112415284365112,3
"876159",876159,2.46274509463135e-05,3
"876671",876671,4.33100418433197e-05,3
"877032",877032,1.97744467610821e-05,3
"877135",877135,1.85512272274083e-05,3
"878193",878193,3.81388031814983e-05,3
"878462",878462,1.71209056554786e-05,3
"879451",879451,0.000183642893524019,3
"879467",879467,0.000168020394223458,3
"879561",879561,0.000117101484283903,3
"879919",879919,2.82549440681546e-05,3
"879935",879935,4.64375915602854e-05,3
"880528",880528,7.82120617568548e-05,3
"881322",881322,0.000146787134288611,3
"882236",882236,0.000171462853005311,3
"882666",882666,0.000220576928991631,3
"882920",882920,0.000193850823119759,3
"883031",883031,0.000162377397079653,3
"883802",883802,0.000215880111012949,3
"884396",884396,0.000214908918349398,3
"885901",885901,0.000291001774419715,3
"886761",886761,0.000142745286225474,3
"887159",887159,0.000222597161717444,3
"887700",887700,0.000273594874722551,3
"889285",889285,0.000227455721799628,3
"889672",889672,0.000138703466857304,3
"890681",890681,0.000258669920524127,3
"892037",892037,7.82805353073204e-05,3
"892244",892244,0.000154731934813449,3
"892488",892488,0.000183745576636744,3
"892566",892566,0.000215591711639589,3
"892695",892695,0.000182408305254328,3
"892853",892853,0.000159506409479174,3
"893166",893166,0.000210248674343019,3
"893528",893528,0.000227033438121302,3
"893735",893735,0.000214596961798929,3
"895272",895272,0.000270271046509846,3
"895896",895896,0.000103601543475653,3
"897557",897557,0.000319549454012662,3
"898446",898446,0.00038198276660583,3
"898997",898997,0.000322078966340156,3
"899154",899154,0.000232057856668135,3
"899726",899726,0.000173595660931852,3
"900324",900324,0.000111054214809878,3
"900728",900728,0.00014135455655636,3
"901380",901380,2.61426027263266e-05,3
"901705",901705,2.84641835322388e-05,3
"902173",902173,7.00390942921468e-05,3
"903214",903214,0.000168482423262511,3
"903353",903353,0.000146257133887628,3
"903515",903515,0.000175374182617012,3
"903582",903582,0.000178000946589502,3
"903833",903833,0.000218283262814874,3
"903854",903854,0.000206010920327624,3
"904602",904602,0.000211727732345216,3
"905241",905241,0.000140775395780744,3
"905832",905832,0.000188572559349857,3
"906287",906287,9.11032027994598e-05,3
"906725",906725,0.000110866956407137,3
"907079",907079,2.65322291715761e-05,3
"907282",907282,7.59094531305477e-05,3
"908968",908968,0.000151079910967175,3
"909955",909955,0.000111979056442937,3
"910959",910959,0.000337206867434752,3
"911740",911740,0.000393538279905285,3
"911763",911763,0.000368302498917913,3
"912647",912647,0.00048542580156678,3
"913414",913414,0.000546010006404394,3
"913720",913720,0.000558073461513802,3
"914467",914467,0.000456141815929315,3
"914750",914750,0.00038501727929136,3
"915170",915170,0.000413303070273785,3
"916223",916223,0.000410307806763387,3
"916330",916330,0.000412479574780199,3
"916601",916601,0.0003654234559036,3
"916852",916852,0.000405082467031985,3
"917212",917212,0.000498738224809422,3
"917388",917388,0.000468865252416769,3
"917702",917702,0.000504583829777762,3
"917814",917814,0.000468891316291619,3
"918568",918568,0.000381444950736322,3
"919036",919036,0.000357364825859647,3
"919350",919350,0.000317585388540948,3
"919861",919861,0.000300676984953144,3
"920486",920486,0.000353736116565659,3
"921370",921370,0.000286877069429583,3
"923422",923422,0.000286045591915448,3
"923736",923736,0.000343054056951643,3
"924574",924574,0.000444135487199359,3
"924734",924734,0.00037822541937686,3
"925379",925379,0.000387907721803758,3
"926942",926942,0.000283689830424647,3
"928139",928139,0.000179085016487079,3
"929232",929232,0.000261347870236069,3
"929629",929629,0.000143396956327277,3
"930283",930283,0.000250065307940542,3
"930289",930289,0.000243614086447211,3
"930977",930977,0.000366838204520742,3
"931764",931764,0.000234645107522174,3
"932830",932830,0.00019671364190144,3
"933090",933090,0.000268572446324992,3
"934294",934294,0.000242055988887162,3
"934315",934315,0.000262010318243229,3
"934467",934467,0.000247810424464027,3
"934469",934469,0.000256276925205269,3
"935318",935318,0.00015375345900842,3
"935928",935928,0.000200883115481056,3
"935977",935977,0.000233242437925421,3
"936020",936020,0.000261420486780361,3
"936437",936437,0.000366418739692029,3
"937074",937074,0.0003210618920832,3
"937771",937771,0.000254047256730085,3
"938247",938247,0.000137478446257324,3
"938369",938369,0.000102516539531674,3
"938879",938879,6.60179763106627e-05,3
"938963",938963,7.15603218643938e-05,3
"939481",939481,0.000237599914671891,3
"939665",939665,0.000294906035538402,3
"941854",941854,0.000201193218388066,3
"941866",941866,0.000188449989182737,3
"943006",943006,0.000177605382300278,3
"943767",943767,0.000305866588067664,3
"943860",943860,0.000259813619319577,3
"944146",944146,0.000303268308182705,3
"944237",944237,0.000290845396773947,3
"944631",944631,0.000251384293534946,3
"945041",945041,0.000278931002014693,3
"946429",946429,0.000320103124233502,3
"946923",946923,0.000279764112243561,3
"947226",947226,0.000346977027903126,3
"948081",948081,0.000270786707350863,3
"948890",948890,0.000211882587070287,3
"949332",949332,0.00027869528389214,3
"950259",950259,0.00032514062507746,3
"951224",951224,0.000477418308065501,3
"953719",953719,0.000458391075542574,3
"954306",954306,0.00039350241702579,3
"954928",954928,0.000447729911071094,3
"954932",954932,0.000443539255694889,3
"955081",955081,0.000443137807211667,3
"955474",955474,0.000467353355857137,3
"956176",956176,0.000531054632399789,3
"957217",957217,0.000499180290984294,3
"958228",958228,0.000643517534896736,3
"959723",959723,0.000520388983705918,3
"960474",960474,0.000656564495955852,3
"960800",960800,0.000657488556468753,3
"961107",961107,0.000636940704847294,3
"961166",961166,0.000637393789028824,3
"961692",961692,0.000595136452860741,3
"961875",961875,0.000559345691648857,3
"962305",962305,0.000616974206882032,3
"962917",962917,0.000547178167759476,3
"964283",964283,0.000527794622158332,3
"965086",965086,0.000547779331692692,3
"965295",965295,0.000454369183855918,3
"965523",965523,0.000485039643781231,3
"965875",965875,0.000459085087976283,3
"966796",966796,0.000541529751522348,3
"966929",966929,0.000496167144196617,3
"967162",967162,0.000521603445155282,3
"967305",967305,0.000496659449137007,3
"967365",967365,0.000485837361241733,3
"967788",967788,0.000581134835586404,3
"967979",967979,0.000619223574694055,3
"968384",968384,0.000538523244885691,3
"968532",968532,0.000528911576905697,3
"968608",968608,0.000501574091803598,3
"969633",969633,0.00046620369574394,3
"970435",970435,0.000303305285512554,3
"971515",971515,0.000385030496371372,3
"972233",972233,0.000472056933827091,3
"972347",972347,0.000487282466312623,3
"972816",972816,0.00044307587730708,3
"974186",974186,0.00046062685867044,3
"974232",974232,0.000474434534641361,3
"974554",974554,0.000418486932799271,3
"975038",975038,0.000359023722864074,3
"976293",976293,0.000220362020645185,3
"976940",976940,0.000207297578920629,3
"977541",977541,0.000342715524259245,3
"977580",977580,0.000343365441915833,3
"978665",978665,0.000409210351388832,3
"979081",979081,0.00042960254057695,3
"979243",979243,0.000395687281253831,3
"979290",979290,0.0003881615382214,3
"979501",979501,0.000385174137552957,3
"979744",979744,0.00035963105785952,3
"980080",980080,0.000370656073710453,3
"980349",980349,0.000348933958490851,3
"980362",980362,0.000335668923594025,3
"981137",981137,0.000283004370153946,3
"981227",981227,0.000332681991168107,3
"981291",981291,0.000348249374511813,3
"981380",981380,0.000338331127371843,3
"982629",982629,0.000559757305024133,3
"983156",983156,0.000527528353566882,3
"983189",983189,0.000554436364311868,3
"983257",983257,0.00055580685548701,3
"983616",983616,0.000563483687821402,3
"985702",985702,0.000467280546844272,3
"985886",985886,0.000491694891425352,3
"986152",986152,0.000513316684128034,3
"986998",986998,0.000519408946583044,3
"987019",987019,0.000548334410958399,3
"987099",987099,0.000547578213315772,3
"987184",987184,0.000541754456719263,3
"987861",987861,0.000578510696289358,3
"988448",988448,0.000525820045623088,3
"989191",989191,0.000405597091848808,3
"991592",991592,0.00057227884180707,3
"991672",991672,0.000571524199656109,3
"993024",993024,0.000646629077254553,3
"993091",993091,0.000629025017165279,3
"994281",994281,0.000617761254073736,3
"994352",994352,0.000586187778442364,3
"995115",995115,0.000635781386307153,3
"995522",995522,0.000575177472527634,3
"996519",996519,0.000737895279208377,3
"996827",996827,0.000657392669026694,3
"997410",997410,0.000619079974833575,3
"998468",998468,0.000630958421017451,3
"999290",999290,0.000700585237416551,3
"999407",999407,0.000702450512275889,3
"999837",999837,0.000728112834206862,3
"1000673",1000673,0.000704318749661748,3
"1000812",1000812,0.000694087472478767,3
"1001012",1001012,0.000652585504607958,3
"1002511",1002511,0.000649354285931095,3
"1002892",1002892,0.000625015680866604,3
"1003535",1003535,0.000675288548338382,3
"1004092",1004092,0.000613773039181277,3
"1004123",1004123,0.000592752856532218,3
"1004436",1004436,0.00056713413449752,3
"1005110",1005110,0.000566781797470163,3
"1005322",1005322,0.00053325925254947,3
"1005508",1005508,0.000486189818201096,3
"1005906",1005906,0.000435223554974588,3
"1006162",1006162,0.00040726451767879,3
"1006370",1006370,0.000367937348461229,3
"1007293",1007293,0.000317239157175133,3
"1009588",1009588,0.000674548938466699,3
"1011193",1011193,0.000595822895727267,3
"1011231",1011231,0.000597430907287482,3
"1011608",1011608,0.000675262400554404,3
"1011836",1011836,0.000675090570849731,3
"1013232",1013232,0.000910542037439645,3
"1013798",1013798,0.000909041526511177,3
"1014755",1014755,0.000785615682665611,3
"1015680",1015680,0.000762263359864141,3
"1015758",1015758,0.000714690097102699,3
"1017442",1017442,0.000928888702491076,3
"1017659",1017659,0.00091999984216942,3
"1020901",1020901,0.000916375200672299,3
"1021443",1021443,0.000841359458664151,3
"1021545",1021545,0.000828754810071367,3
"1021878",1021878,0.000783913047754061,3
"1021901",1021901,0.000800187307597272,3
"1025692",1025692,0.00083145131013902,3
"1025911",1025911,0.000965630906454555,3
"1026096",1026096,0.00104598417460562,3
"1026097",1026097,0.00104500858849232,3
"1027486",1027486,0.00113880568000796,3
"1027804",1027804,0.00120517320316644,3
"1028125",1028125,0.00125893700355882,3
"1028351",1028351,0.0012413080231615,3
"1028527",1028527,0.0012627222318583,3
"1029310",1029310,0.00130997160188462,3
"1029361",1029361,0.00128924974216233,3
"1030055",1030055,0.00123050012122742,3
"1030396",1030396,0.00120698498600105,3
"1030627",1030627,0.00117493143850859,3
"1031679",1031679,0.00109560194369898,3
"1032152",1032152,0.00105938403855454,3
"1032388",1032388,0.00106097477751626,3
"1032996",1032996,0.00106669597068665,3
"1033382",1033382,0.00104766994268337,3
"1034271",1034271,0.000973092995042287,3
"1035402",1035402,0.00110507866715867,3
"1035429",1035429,0.00109811973427198,3
"1036448",1036448,0.00102241688731997,3
"1036572",1036572,0.000979169187326323,3
"1037006",1037006,0.000952143637575734,3
"1037216",1037216,0.000883277117260033,3
"1038002",1038002,0.000755637188742563,3
"1038403",1038403,0.000722362611590786,3
"1038755",1038755,0.00079357226810012,3
"1038982",1038982,0.000861124162315529,3
"1039548",1039548,0.000850152641459354,3
"1040573",1040573,0.000921632838299245,3
"1040982",1040982,0.000928294367945089,3
"1041410",1041410,0.000973797329225733,3
"1042124",1042124,0.00101086608923917,3
"1043854",1043854,0.0010421146199959,3
"1043992",1043992,0.000995242413217038,3
"1044513",1044513,0.000970436962067538,3
"1046383",1046383,0.000886698351294943,3
"1046646",1046646,0.00089089805882546,3
"1046789",1046789,0.000905674151438109,3
"1047133",1047133,0.000917637158777529,3
"1047492",1047492,0.00105720066042042,3
"1049821",1049821,0.000838039048383063,3
"1049885",1049885,0.000824234923179772,3
"1049946",1049946,0.00078497012086965,3
"1050379",1050379,0.000863126071476575,3
"1050707",1050707,0.000880869484453776,3
"1050955",1050955,0.000852180780001412,3
"1051553",1051553,0.000810882214552511,3
"1052285",1052285,0.000868262755356708,3
"1052707",1052707,0.000890758670847031,3
"1052742",1052742,0.000932807195806223,3
"1053204",1053204,0.000879606054582091,3
"1054056",1054056,0.000879319440222852,3
"1054274",1054274,0.000850996340440733,3
"1054409",1054409,0.000901466793018768,3
"1055196",1055196,0.000934637244860108,3
"1055482",1055482,0.000898196212515084,3
"1056810",1056810,0.000925424943702318,3
"1059301",1059301,0.000854874857708948,3
"1061712",1061712,0.000897409053440094,3
"1061921",1061921,0.000877769010015113,3
"1063372",1063372,0.000854334129142605,3
"1064601",1064601,0.000955868945592632,3
"1066097",1066097,0.00100170886819996,3
"1066435",1066435,0.000944698744994134,3
"1066728",1066728,0.000911363006099174,3
"1067088",1067088,0.000898803725972696,3
"1067697",1067697,0.000968479783477805,3
"1068290",1068290,0.000923169509206949,3
"1068642",1068642,0.000899566582969044,3
"1068698",1068698,0.000893494254567147,3
"1069282",1069282,0.000838152107932423,3
"1069385",1069385,0.000788099564501328,3
"1070180",1070180,0.000868980642381444,3
"1071230",1071230,0.000878026904380384,3
"1071385",1071385,0.000918262177293663,3
"1071737",1071737,0.000903977728013834,3
"1072503",1072503,0.000900756540674955,3
"1072523",1072523,0.000882092124964726,3
"1073066",1073066,0.00082824431968064,3
"1073404",1073404,0.000817830655101733,3
"1073427",1073427,0.000814854715516724,3
"1074171",1074171,0.000758377708718731,3
"1075257",1075257,0.00087226874151757,3
"1076356",1076356,0.000890959121076821,3
"1077147",1077147,0.000790912925315623,3
"1077298",1077298,0.000770249086224165,3
"1078548",1078548,0.000786749034024636,3
"1079152",1079152,0.000814459868191191,3
"1081005",1081005,0.000822767220186157,3
"1081215",1081215,0.00074756065554349,3
"1081474",1081474,0.000764525805557918,3
"1081860",1081860,0.000783108797092543,3
"1082122",1082122,0.000898040174029542,3
"1082399",1082399,0.000870837354572248,3
"1083813",1083813,0.00102835265684602,3
"1083832",1083832,0.00101080423725659,3
"1083930",1083930,0.00102089243511705,3
"1084750",1084750,0.0010317574535753,3
"1084797",1084797,0.00101579874582237,3
"1084856",1084856,0.00100704270666515,3
"1085313",1085313,0.00102392661976648,3
"1085893",1085893,0.00100956081611501,3
"1086073",1086073,0.00103531785012239,3
"1089013",1089013,0.000926895751024569,3
"1089014",1089014,0.000925976638051006,3
"1090430",1090430,0.000826104410165329,3
"1090613",1090613,0.000812676962140546,3
"1090782",1090782,0.000803011884449137,3
"1092446",1092446,0.000812002614851298,3
"1092753",1092753,0.000793886791930461,3
"1092950",1092950,0.000867435070587673,3
"1093499",1093499,0.000899755435000612,3
"1094129",1094129,0.000921358837167188,3
"1094224",1094224,0.000934104335376518,3
"1094482",1094482,0.000933625233604099,3
"1094657",1094657,0.000927544464302226,3
"1095328",1095328,0.000884493285195566,3
"1095655",1095655,0.000902415901590583,3
"1096198",1096198,0.000931075247878729,3
"1096224",1096224,0.000934461714832308,3
"1096897",1096897,0.000916752542502422,3
"1098518",1098518,0.000946654362195318,3
"1099070",1099070,0.000885852205636437,3
"1101143",1101143,0.000828943868651095,3
"1101173",1101173,0.000819680553884038,3
"1101887",1101887,0.000944795075480091,3
"1102629",1102629,0.00094544109486215,3
"1102651",1102651,0.000934459722150296,3
"1102785",1102785,0.000929683721137828,3
"1103025",1103025,0.00090061150251106,3
"1103573",1103573,0.000915563496363418,3
"1103738",1103738,0.00091860403656165,3
"1104440",1104440,0.000937567621195945,3
"1104857",1104857,0.000945562042816761,3
"1105732",1105732,0.00100509686038922,3
"1106045",1106045,0.00101756225017831,3
"1106084",1106084,0.00104499738330224,3
"1107465",1107465,0.00104974858798676,3
"1107738",1107738,0.000999900462238457,3
"1109058",1109058,0.00098825782574514,3
"1110281",1110281,0.00104623820543389,3
"1111582",1111582,0.00102492607484423,3
"1114580",1114580,0.00100032550981745,3
"1115854",1115854,0.00103890158954532,3
"1116198",1116198,0.00105896362838403,3
"1116942",1116942,0.00104885863690712,3
"1117062",1117062,0.00103892910397666,3
"1117233",1117233,0.00108977117494101,3
"1117529",1117529,0.0011084437346658,3
"1118174",1118174,0.00109830618212049,3
"1118200",1118200,0.00110162220639639,3
"1118697",1118697,0.00112647069814184,3
"1119623",1119623,0.00120149510773265,3
"1119980",1119980,0.00121866848058142,3
"1120520",1120520,0.00121384887587041,3
"1121796",1121796,0.00136506097836387,3
"1122114",1122114,0.00133745155148511,3
"1123311",1123311,0.0013822597224609,3
"1125838",1125838,0.00139730345157598,3
"1125841",1125841,0.0013946350535425,3
"1126202",1126202,0.00142569845142882,3
"1126382",1126382,0.00138886713461715,3
"1126437",1126437,0.00138397072480252,3
"1126483",1126483,0.00139587450493839,3
"1126777",1126777,0.00149526321723737,3
"1128191",1128191,0.00144372415850273,3
"1128430",1128430,0.00142486864081038,3
"1129116",1129116,0.00123782593572888,3
"1129903",1129903,0.00122470598025116,3
"1129976",1129976,0.00121265587040416,3
"1131449",1131449,0.00124081872123472,3
"1131689",1131689,0.00120365812812762,3
"1131738",1131738,0.00121285998347208,3
"1131789",1131789,0.00122029176868366,3
"1133780",1133780,0.00123682280098085,3
"1134158",1134158,0.00120027281098809,3
"1134329",1134329,0.00120663248193499,3
"1134333",1134333,0.00121184025740491,3
"1134761",1134761,0.0011836126891773,3
"1135059",1135059,0.0011740100591617,3
"1135183",1135183,0.00120435694806412,3
"1135485",1135485,0.00126106124092245,3
"1135824",1135824,0.00126766326184288,3
"1137131",1137131,0.00124129351137162,3
"1137132",1137132,0.00124912983715298,3
"1137415",1137415,0.00130502212785313,3
"1137463",1137463,0.00131505359925037,3
"1138447",1138447,0.0013637907718813,3
"1139454",1139454,0.00139223015021894,3
"1139980",1139980,0.00132145320810745,3
"1140508",1140508,0.00126636779310013,3
"1140773",1140773,0.00124231102368431,3
"1141034",1141034,0.00128258438800597,3
"1143897",1143897,0.0013934385538146,3
"1144265",1144265,0.00140922349925194,3
"1145127",1145127,0.00140847663381167,3
"1145377",1145377,0.00136298195641018,3
"1145685",1145685,0.00139659192348482,3
"1147600",1147600,0.00134937600299474,3
"1147732",1147732,0.00140693773727414,3
"1147896",1147896,0.00140202798224691,3
"1147910",1147910,0.00140708476179618,3
"1148306",1148306,0.00143291973332893,3
"1151570",1151570,0.00161571145575841,3
"1152233",1152233,0.0016415580080147,3
"1153016",1153016,0.00165769055634279,3
"1153123",1153123,0.00165930060681671,3
"1153434",1153434,0.00161265778907742,3
"1154123",1154123,0.00168460746059476,3
"1154306",1154306,0.00173189474081611,3
"1155615",1155615,0.00172942026553703,3
"1156035",1156035,0.00165700697264968,3
"1156050",1156050,0.0016611586106406,3
"1156155",1156155,0.00163020326733461,3
"1156583",1156583,0.00169662595918157,3
"1156769",1156769,0.00164695549161005,3
"1157098",1157098,0.00164484679296027,3
"1157709",1157709,0.00169842079950824,3
"1157809",1157809,0.0016803932861068,3
"1157812",1157812,0.00167779783781314,3
"1158380",1158380,0.00170860799946224,3
"1158428",1158428,0.00170988462375493,3
"1158497",1158497,0.00168444712186154,3
"1158588",1158588,0.00168276949204837,3
"1158678",1158678,0.0017247302819951,3
"1158900",1158900,0.00166968839702631,3
"1159515",1159515,0.00165132194877582,3
"1160218",1160218,0.0015911768029489,3
"1160312",1160312,0.0015271205711635,3
"1161580",1161580,0.00162850708384271,3
"1162176",1162176,0.00163510872937755,3
"1162324",1162324,0.00160137627872718,3
"1164089",1164089,0.00145365067122855,3
"1164215",1164215,0.00142189231296453,3
"1164898",1164898,0.00141335676606461,3
"1165002",1165002,0.00138351841180457,3
"1165491",1165491,0.00128655174914756,3
"1166943",1166943,0.00128081876112212,3
"1167683",1167683,0.00124897522084618,3
"1167686",1167686,0.00125489156408938,3
"1168392",1168392,0.0013285725673118,3
"1169036",1169036,0.00140440049631987,3
"1169189",1169189,0.00143443542708164,3
"1169423",1169423,0.00136966775254661,3
"1169543",1169543,0.00136015087201454,3
"1171413",1171413,0.00131857483405049,3
"1171456",1171456,0.00131566564556205,3
"1172175",1172175,0.00131031734837605,3
"1172807",1172807,0.00126938170206333,3
"1173740",1173740,0.00131797293783404,3
"1173773",1173773,0.00135737913622952,3
"1173909",1173909,0.00135958193888765,3
"1173934",1173934,0.00135514418229789,3
"1173987",1173987,0.00136903992737217,3
"1174275",1174275,0.00143576731769855,3
"1175048",1175048,0.00140120816046633,3
"1175319",1175319,0.00141488396894643,3
"1175598",1175598,0.00136271746782693,3
"1175626",1175626,0.0013725935307237,3
"1176266",1176266,0.0013670683677667,3
"1176462",1176462,0.00136032224127753,3
"1176802",1176802,0.00144162166711689,3
"1177124",1177124,0.00138661678103498,3
"1177806",1177806,0.00136221385057645,3
"1177998",1177998,0.0013841208259576,3
"1178412",1178412,0.00126783548673368,3
"1179342",1179342,0.00128512479788429,3
"1180261",1180261,0.00126972750660222,3
"1180534",1180534,0.00125648773124892,3
"1180584",1180584,0.00124766657834628,3
"1181143",1181143,0.00122697490247945,3
"1181603",1181603,0.001197912053055,3
"1181621",1181621,0.00119104912127312,3
"1181788",1181788,0.0011837685806255,3
"1181793",1181793,0.00119630752556854,3
"1181840",1181840,0.00120681389035427,3
"1182198",1182198,0.0012054658693796,3
"1183665",1183665,0.00129608939866382,3
"1183682",1183682,0.00129845686111087,3
"1183719",1183719,0.00130065389394068,3
"1183815",1183815,0.00129481239011133,3
"1184058",1184058,0.00137394653392681,3
"1184594",1184594,0.00136433058455051,3
"1184921",1184921,0.00146442323080252,3
"1186356",1186356,0.00161495442320383,3
"1186645",1186645,0.00160490446304572,3
"1188450",1188450,0.00157661806286492,3
"1188921",1188921,0.00157168063109871,3
"1189171",1189171,0.00159451003637237,3
"1189200",1189200,0.00161176083499253,3
"1189343",1189343,0.00157467422433496,3
"1189542",1189542,0.0015737748881784,3
"1189586",1189586,0.00157005886118501,3
"1190877",1190877,0.00160794446799611,3
"1191422",1191422,0.00163231030997471,3
"1191468",1191468,0.00167683244128334,3
"1191789",1191789,0.00170645190283132,3
"1192544",1192544,0.00171227922884077,3
"1192857",1192857,0.00174858070359754,3
"1193111",1193111,0.00177624705271323,3
"1193669",1193669,0.00184770775980683,3
"1194030",1194030,0.00191007538372535,3
"1194820",1194820,0.00194448558862336,3
"1195172",1195172,0.00187331955547266,3
"1196475",1196475,0.00190065243613575,3
"1197327",1197327,0.00193278791233059,3
"1197672",1197672,0.00195866808323443,3
"1198074",1198074,0.00199477656236123,3
"1198687",1198687,0.00196197695068965,3
"1199121",1199121,0.001971314220735,3
"1199131",1199131,0.00197122454326005,3
"1199409",1199409,0.00197864917033506,3
"1199564",1199564,0.00202270605226967,3
"1199637",1199637,0.00201956976118513,3
"1203362",1203362,0.00199848858427714,3
"1203378",1203378,0.00199340306857443,3
"1204611",1204611,0.0021280185140591,3
"1204865",1204865,0.0020812938148917,3
"1206386",1206386,0.00206677559569324,3
"1206651",1206651,0.0020356418219787,3
"1207075",1207075,0.00194643989760115,3
"1207077",1207077,0.00194477977742666,3
"1208093",1208093,0.00201288370077523,3
"1209302",1209302,0.00202750081730675,3
"1209503",1209503,0.00208225163734623,3
"1210586",1210586,0.00201276042381857,3
"1211892",1211892,0.00178356331507953,3
"1211894",1211894,0.00178191006229793,3
"1211931",1211931,0.00179222002205445,3
"1213016",1213016,0.00172964673998874,3
"1213338",1213338,0.00173339254793028,3
"1213401",1213401,0.00175490266633941,3
"1213577",1213577,0.00174847387349394,3
"1213873",1213873,0.00176550378601187,3
"1214488",1214488,0.00169895049991978,3
"1215412",1215412,0.00176111884945204,3
"1215541",1215541,0.0016874245257529,3
"1216468",1216468,0.00171448404015043,3
"1218193",1218193,0.00162232093106958,3
"1218789",1218789,0.00162048614493848,3
"1219165",1219165,0.00157174819435263,3
"1219234",1219234,0.00158823490017998,3
"1219269",1219269,0.00158387240600067,3
"1220262",1220262,0.00135367924915891,3
"1220580",1220580,0.00124709132697208,3
"1220969",1220969,0.00127718098515377,3
"1221541",1221541,0.00140067946283371,3
"1222174",1222174,0.00140919293679985,3
"1224344",1224344,0.00156114405479205,3
"1224893",1224893,0.00158159421805591,3
"1225229",1225229,0.00155771795125619,3
"1225351",1225351,0.00158742764916498,3
"1226815",1226815,0.00165261742092041,3
"1226908",1226908,0.00164132377167855,3
"1227073",1227073,0.00161972739966644,3
"1228985",1228985,0.00155353947229937,3
"1229101",1229101,0.00151546695924742,3
"1229572",1229572,0.00148653172938769,3
"1229574",1229574,0.00149296420521958,3
"1229752",1229752,0.00150920960625311,3
"1230855",1230855,0.00143314663231226,3
"1231094",1231094,0.00144002013710164,3
"1231463",1231463,0.00140556559801768,3
"1231634",1231634,0.00141944231157142,3
"1231905",1231905,0.00140030104961047,3
"1232449",1232449,0.00142476012754871,3
"1232645",1232645,0.00141027092169561,3
"1235142",1235142,0.00133589715114816,3
"1236426",1236426,0.00129011583686652,3
"1237764",1237764,0.00129684575216889,3
"1239114",1239114,0.00130186357797899,3
"1239562",1239562,0.00132380787282974,3
"1240260",1240260,0.0013117267536644,3
"1241811",1241811,0.00126639328923981,3
"1242374",1242374,0.0012434892668496,3
"1242409",1242409,0.00123123954399644,3
"1242965",1242965,0.00126982332957088,3
"1243309",1243309,0.00112832206842731,3
"1243369",1243369,0.00115973195696088,3
"1246438",1246438,0.00109628601695669,3
"1247596",1247596,0.00108076094515793,3
"1250092",1250092,0.00111181467144134,3
"1250214",1250214,0.00114097704543673,3
"1250215",1250215,0.00114017627038839,3
"1250271",1250271,0.00113497503052829,3
"1250458",1250458,0.00119928472219629,3
"1250507",1250507,0.00118383320481553,3
"1251581",1251581,0.0011721133241635,3
"1251608",1251608,0.00117427445388328,3
"1252933",1252933,0.00115978971752055,3
"1253962",1253962,0.00111289836864247,3
"1254244",1254244,0.00110909300821536,3
"1254406",1254406,0.00109043144278989,3
"1254716",1254716,0.0010800922977669,3
"1254747",1254747,0.00107905866424937,3
"1254896",1254896,0.00103128484329308,3
"1255946",1255946,0.00108621815765716,3
"1256388",1256388,0.00113639451621603,3
"1257347",1257347,0.00109020074865817,3
"1257741",1257741,0.00113912231009076,3
"1257824",1257824,0.0011361035075114,3
"1259464",1259464,0.00094217490187598,3
"1259710",1259710,0.000959160584079395,3
"1260344",1260344,0.000888197170757872,3
"1261092",1261092,0.000939053280289528,3
"1261780",1261780,0.000951035223723636,3
"1261862",1261862,0.000956686886131957,3
"1262276",1262276,0.000950351689876716,3
"1264644",1264644,0.00107477799736922,3
"1264969",1264969,0.00106049165384096,3
"1265821",1265821,0.00115409881876269,3
"1266184",1266184,0.0011254165257432,3
"1266572",1266572,0.00110046867442524,3
"1267354",1267354,0.00102241607233909,3
"1267834",1267834,0.0010656132557197,3
"1268632",1268632,0.00102191500301377,3
"1268751",1268751,0.00103740179714665,3
"1268872",1268872,0.00104349602076324,3
"1270746",1270746,0.000979084033569872,3
"1271279",1271279,0.000988246415565453,3
"1271404",1271404,0.000944406468477111,3
"1271545",1271545,0.000950343741808642,3
"1272083",1272083,0.00093999390966216,3
"1272403",1272403,0.000953129101435127,3
"1272410",1272410,0.000963202650291463,3
"1273662",1273662,0.000998761065040419,3
"1273786",1273786,0.00100247791304639,3
"1274203",1274203,0.00100938860553187,3
"1275008",1275008,0.00107706149178353,3
"1275257",1275257,0.00111477714811708,3
"1275440",1275440,0.00111879723508331,3
"1275461",1275461,0.00111008562677867,3
"1275859",1275859,0.0011551677076459,3
"1276297",1276297,0.0010834134608794,3
"1276312",1276312,0.00107941438142237,3
"1276361",1276361,0.00107981238731994,3
"1276379",1276379,0.00108122648108133,3
"1277432",1277432,0.00114060324019286,3
"1277771",1277771,0.00112323161003848,3
"1278694",1278694,0.00116801862657529,3
"1280650",1280650,0.00120235691742272,3
"1281913",1281913,0.00109741198499999,3
"1283210",1283210,0.00100477387494415,3
"1284963",1284963,0.0010585337125179,3
"1285188",1285188,0.00110694296849682,3
"1286250",1286250,0.0011897118257217,3
"1288550",1288550,0.00113344993115366,3
"1289207",1289207,0.00111532617129534,3
"1289423",1289423,0.00108599390049149,3
"1289496",1289496,0.00106006860475833,3
"1289722",1289722,0.00107678916705457,3
"1290095",1290095,0.00113310003736363,3
"1290614",1290614,0.00104539854277516,3
"1290676",1290676,0.00103571065503292,3
"1290990",1290990,0.000976505751279054,3
"1292601",1292601,0.0010862707702536,3
"1292756",1292756,0.00108892129182365,3
"1293531",1293531,0.00103319841486291,3
"1293819",1293819,0.000955933992864806,3
"1295073",1295073,0.000866905606437749,3
"1296686",1296686,0.00103607117939055,3
"1296856",1296856,0.00105007061482342,3
"1297110",1297110,0.0010832972687883,3
"1297831",1297831,0.00105414033826983,3
"1297931",1297931,0.00100756105044504,3
"1298203",1298203,0.000965806303027738,3
"1300064",1300064,0.000844348642494757,3
"1300095",1300095,0.000850980879062198,3
"1300227",1300227,0.000840854807036327,3
"1300549",1300549,0.00092840635737458,3
"1300765",1300765,0.00090698115617774,3
"1300897",1300897,0.000881615627244617,3
"1302239",1302239,0.000854911144653037,3
"1302772",1302772,0.000825860195953399,3
"1303597",1303597,0.000846392601376108,3
"1304647",1304647,0.000793057806499101,3
"1304747",1304747,0.000807517951985968,3
"1305331",1305331,0.000800190109034928,3
"1305567",1305567,0.000771125891859346,3
"1305713",1305713,0.000803459796444794,3
"1305774",1305774,0.000832617039560834,3
"1305993",1305993,0.000862122777739247,3
"1307496",1307496,0.000841181043818344,3
"1308527",1308527,0.000832841198214518,3
"1308860",1308860,0.000805403586049241,3
"1308894",1308894,0.000794552418943381,3
"1308920",1308920,0.000789818514534524,3
"1309115",1309115,0.000792178542056967,3
"1309672",1309672,0.000843356223933856,3
"1310139",1310139,0.000864892150842523,3
"1311290",1311290,0.000901023029197689,3
"1311523",1311523,0.000866804373156167,3
"1311759",1311759,0.000883203776415747,3
"1311820",1311820,0.000919778980096013,3
"1312689",1312689,0.000876356140742285,3
"1312938",1312938,0.000950775512328462,3
"1313749",1313749,0.000981737467643212,3
"1314276",1314276,0.000980084895247102,3
"1314776",1314776,0.00104422393153256,3
"1315000",1315000,0.00100938385524032,3
"1315593",1315593,0.0010554506784195,3
"1316211",1316211,0.00105233778375885,3
"1316549",1316549,0.00100614527340454,3
"1316704",1316704,0.00102381306610427,3
"1316941",1316941,0.00102430635376993,3
"1317173",1317173,0.00104365004786204,3
"1317455",1317455,0.00107766074883709,3
"1317843",1317843,0.00106874059332988,3
"1319193",1319193,0.000893355585773714,3
"1319210",1319210,0.000895485018660803,3
"1320322",1320322,0.000878325425683476,3
"1320974",1320974,0.000992115521541422,3
"1321176",1321176,0.00099662312144252,3
"1322050",1322050,0.000957169041687056,3
"1322299",1322299,0.000971076995684569,3
"1322662",1322662,0.000958657898909453,3
"1323677",1323677,0.000984886231838334,3
"1323863",1323863,0.000979021589497828,3
"1323966",1323966,0.000946069254912392,3
"1326033",1326033,0.000798596406296409,3
"1326399",1326399,0.000828833926000521,3
"1328166",1328166,0.000780970996215792,3
"1330062",1330062,0.000755414865877579,3
"1330207",1330207,0.000728294593594166,3
"1330986",1330986,0.000708578529161273,3
"1332164",1332164,0.000649589593727357,3
"1332233",1332233,0.000649845123377203,3
"1332395",1332395,0.000662089188332646,3
"1332415",1332415,0.000654508169144365,3
"1332485",1332485,0.000646573560529839,3
"1333334",1333334,0.000574406042713917,3
"1333897",1333897,0.00056822759198701,3
"1334276",1334276,0.00061831667125806,3
"1334378",1334378,0.000608684119325688,3
"1334843",1334843,0.000571996989954904,3
"1335591",1335591,0.000501448372140448,3
"1336192",1336192,0.000459439757464756,3
"1337430",1337430,0.000511658358098986,3
"1337741",1337741,0.000530985664146479,3
"1338843",1338843,0.000440400349735162,3
"1339047",1339047,0.000428631937025945,3
"1340597",1340597,0.000358831543241729,3
"1340599",1340599,0.000364732980165776,3
"1340630",1340630,0.000393356791352875,3
"1341116",1341116,0.000333860171211099,3
"1341662",1341662,0.000414373345974645,3
"1342174",1342174,0.000453699091117905,3
"1343431",1343431,0.000410379598405897,3
"1344543",1344543,0.00038655817432814,3
"1344548",1344548,0.00039021014161465,3
"1344880",1344880,0.000415952988565727,3
"1345206",1345206,0.000438776861636711,3
"1345630",1345630,0.000469755904468304,3
"1345633",1345633,0.000467525423150044,3
"1347478",1347478,0.000443826341059803,3
"1347844",1347844,0.000488387297628917,3
"1348456",1348456,0.000423903581720272,3
"1348799",1348799,0.00041200890982184,3
"1348934",1348934,0.000436807311027071,3
"1350098",1350098,0.000491998726051747,3
"1350138",1350138,0.000491723963367453,3
"1350373",1350373,0.000545162506667024,3
"1350386",1350386,0.000550210892159454,3
"1351022",1351022,0.000497394740895796,3
"1351199",1351199,0.000491044076682155,3
"1352113",1352113,0.000562482892905044,3
"1353260",1353260,0.000571409241173468,3
"1354043",1354043,0.000519881638216472,3
"1355488",1355488,0.000506308974882755,3
"1356453",1356453,0.000525276990760065,3
"1356473",1356473,0.000525139760357534,3
"1358780",1358780,0.000511525815597247,3
"1360380",1360380,0.000478736095600991,3
"1360550",1360550,0.000484864367770349,3
"1360819",1360819,0.000440057021332225,3
"1361171",1361171,0.000370676855710763,3
"1361960",1361960,0.000380658031534011,3
"1362139",1362139,0.000423843151893043,3
"1362365",1362365,0.00039612341113777,3
"1362882",1362882,0.000431188336796297,3
"1363344",1363344,0.000462964524017851,3
"1364449",1364449,0.000626195461833045,3
"1364567",1364567,0.000612306726399588,3
"1364933",1364933,0.000670788652126932,3
"1366127",1366127,0.000587067659473374,3
"1366851",1366851,0.000615463349178935,3
"1367881",1367881,0.000659111637277118,3
"1367964",1367964,0.000656365014230195,3
"1369362",1369362,0.000575791400366423,3
"1369991",1369991,0.0005649832049361,3
"1370377",1370377,0.000594176321041817,3
"1370717",1370717,0.000548462265483413,3
"1371475",1371475,0.000624252025033036,3
"1372221",1372221,0.000744826402902768,3
"1372721",1372721,0.000698031331862928,3
"1373474",1373474,0.000647367592648639,3
"1373490",1373490,0.000650144459114656,3
"1373577",1373577,0.000630062953705202,3
"1373751",1373751,0.000633200039597997,3
"1374833",1374833,0.000682025996925894,3
"1375616",1375616,0.000696094167045936,3
"1376066",1376066,0.000664181497019544,3
"1377749",1377749,0.000636094920636752,3
"1378306",1378306,0.000612871583102186,3
"1379406",1379406,0.000598193710436868,3
"1379748",1379748,0.000623167970684178,3
"1380933",1380933,0.000719176418250324,3
"1381708",1381708,0.000731781749070788,3
"1382056",1382056,0.000659100028866783,3
"1382479",1382479,0.000675569874179801,3
"1382591",1382591,0.000673369870922353,3
"1383429",1383429,0.000740724579864786,3
"1385025",1385025,0.000804180532582833,3
"1386046",1386046,0.000817858024085919,3
"1386120",1386120,0.000807334077471167,3
"1387287",1387287,0.000901440900713824,3
"1387625",1387625,0.000936227142640892,3
"1387955",1387955,0.000991049054897146,3
"1388573",1388573,0.00100240382718007,3
"1389678",1389678,0.00112657886552064,3
"1390031",1390031,0.00110766144211567,3
"1390737",1390737,0.00100570984583026,3
"1390895",1390895,0.0010131497500491,3
"1391189",1391189,0.00104385455683098,3
"1393001",1393001,0.00115773242041061,3
"1393252",1393252,0.0012121456109383,3
"1394779",1394779,0.00118201594090056,3
"1395865",1395865,0.00119130630924708,3
"1397331",1397331,0.0012617103044846,3
"1398336",1398336,0.0011658847333209,3
"1398593",1398593,0.00115200838907497,3
"1398600",1398600,0.00114699761826224,3
"1398822",1398822,0.00116526285792755,3
"1399034",1399034,0.00112691340673932,3
"1400208",1400208,0.00118656427476501,3
"1402687",1402687,0.00128271796129324,3
"1403092",1403092,0.00132573215424728,3
"1404445",1404445,0.00138445436066168,3
"1405203",1405203,0.00140859666021272,3
"1405264",1405264,0.00142155614712756,3
"1406064",1406064,0.001422800173961,3
"1406612",1406612,0.00135681218167698,3
"1407089",1407089,0.00130617722025803,3
"1407183",1407183,0.00132381768106914,3
"1407900",1407900,0.00129966192551952,3
"1408394",1408394,0.00130034843235612,3
"1408469",1408469,0.00128925521161769,3
"1409327",1409327,0.00128453035769924,3
"1409980",1409980,0.00120745904979934,3
"1410965",1410965,0.00122507310772545,3
"1411062",1411062,0.00121946794709232,3
"1412183",1412183,0.00123188380124375,3
"1412971",1412971,0.00121367181346761,3
"1413030",1413030,0.00117186689309293,3
"1413436",1413436,0.00115778713852315,3
"1416130",1416130,0.00123407061837282,3
"1416899",1416899,0.00125731675374145,3
"1416954",1416954,0.00124643394455115,3
"1418028",1418028,0.00118711151942648,3
"1418806",1418806,0.00121098725127645,3
"1418894",1418894,0.0011838212498923,3
"1420261",1420261,0.00111351059108346,3
"1422334",1422334,0.00113184204499796,3
"1422494",1422494,0.00115859960412524,3
"1423117",1423117,0.00118001874758255,3
"1423277",1423277,0.00116497015930959,3
"1423339",1423339,0.00116314405917619,3
"1424095",1424095,0.00120937092294492,3
"1424595",1424595,0.00122673779138498,3
"1425276",1425276,0.00119344177720464,3
"1425735",1425735,0.00119787779162457,3
"1426307",1426307,0.00127588000499257,3
"1426846",1426846,0.00125888136742565,3
"1426991",1426991,0.00119187208195135,3
"1427139",1427139,0.00119917231869367,3
"1429755",1429755,0.00127380884262164,3
"1430077",1430077,0.00137412666071644,3
"1431305",1431305,0.00138064856570008,3
"1431344",1431344,0.00138106416608266,3
"1431481",1431481,0.00139601766098863,3
"1431607",1431607,0.00146020568187639,3
"1432021",1432021,0.00153753758849962,3
"1432681",1432681,0.00147743457541337,3
"1433158",1433158,0.00144151315020715,3
"1433493",1433493,0.001435666571578,3
"1434683",1434683,0.00151700793147838,3
"1435044",1435044,0.0015137263399797,3
"1435165",1435165,0.00149835432361435,3
"1436343",1436343,0.00143609519040483,3
"1436614",1436614,0.00148177543135476,3
"1436698",1436698,0.00146461705810989,3
"1436815",1436815,0.0014865484211137,3
"1437091",1437091,0.0014528482650221,3
"1440388",1440388,0.00130761623524911,3
"1440518",1440518,0.0012929437139836,3
"1441761",1441761,0.00119281938012196,3
"1442669",1442669,0.00113294958495069,3
"1444248",1444248,0.00112965886952362,3
"1444763",1444763,0.00115699913183317,3
"1444833",1444833,0.00114965716128919,3
"1444860",1444860,0.00114466935310055,3
"1444975",1444975,0.00114044943382622,3
"1445264",1445264,0.00113915110706528,3
"1445892",1445892,0.00106765894341237,3
"1446058",1446058,0.00110354317963233,3
"1446636",1446636,0.0011420750221768,3
"1447326",1447326,0.00104146311017191,3
"1447637",1447637,0.000956502231796382,3
"1449281",1449281,0.000935879965279053,3
"1450141",1450141,0.000964293306128841,3
"1450537",1450537,0.00102586696253993,3
"1451276",1451276,0.00104887552622592,3
"1451710",1451710,0.000954442155292493,3
"1451725",1451725,0.000950927620149533,3
"1451810",1451810,0.000953771500595688,3
"1452311",1452311,0.000970205721561376,3
"1452462",1452462,0.000934387421293419,3
"1453498",1453498,0.000827896614777709,3
"1453502",1453502,0.000825142362230065,3
"1453691",1453691,0.000838212394469286,3
"1454007",1454007,0.000811579862259984,3
"1454502",1454502,0.000750388863657621,3
"1454519",1454519,0.000752321873534603,3
"1454741",1454741,0.000735876710158001,3
"1455863",1455863,0.000768030396575779,3
"1457106",1457106,0.00063539503376116,3
"1457151",1457151,0.000638505416785014,3
"1457417",1457417,0.000653108871058947,3
"1457846",1457846,0.000596618713569718,3
"1458829",1458829,0.000486341433828126,3
"1458960",1458960,0.00049841781755514,3
"1459173",1459173,0.000528990249787239,3
"1459382",1459382,0.000528335987352888,3
"1459432",1459432,0.00052801700963469,3
"1459660",1459660,0.000521130152672215,3
"1459803",1459803,0.000545342107452788,3
"1460930",1460930,0.000587675943904097,3
"1461146",1461146,0.000541517472078756,3
"1461570",1461570,0.000515754315042446,3
"1462357",1462357,0.00049922744452401,3
"1462616",1462616,0.000471153512840135,3
"1463240",1463240,0.000389982333410079,3
"1463322",1463322,0.000374566102437533,3
"1463516",1463516,0.000384188870018193,3
"1463720",1463720,0.00041406212311368,3
"1463950",1463950,0.000419388152117409,3
"1465109",1465109,0.000399254655402443,3
"1465120",1465120,0.000398509178104254,3
"1465909",1465909,0.000387482210001718,3
"1466101",1466101,0.000364646438829042,3
"1467749",1467749,0.000227413891277004,3
"1468051",1468051,0.000183698513169079,3
"1469697",1469697,0.000257287257178385,3
"1470145",1470145,0.000269365729780429,3
"1470329",1470329,0.000238570533694306,3
"1470356",1470356,0.000240427290086427,3
"1470962",1470962,0.000252882759017032,3
"1471363",1471363,0.000263220163381823,3
"1471501",1471501,0.000290663489246906,3
"1471592",1471592,0.000282693192071221,3
"1471997",1471997,0.000216227724016356,3
"1473163",1473163,0.000104140919485775,3
"1473454",1473454,0.000108440366942618,3
"1473522",1473522,9.59217323820784e-05,3
"1473580",1473580,7.67378203077404e-05,3
"1474081",1474081,5.81137761748763e-06,3
"1474133",1474133,4.15656649688723e-06,3
"1474449",1474449,1.52053432853151e-05,3
"1474820",1474820,8.80093772864364e-06,3
"1476497",1476497,1.42567687735177e-05,3
"1477470",1477470,1.98689032083793e-05,3
"1478045",1478045,6.67417332045417e-05,3
"1479542",1479542,2.63007808137446e-05,3
"1479562",1479562,4.62799128098029e-05,3
"1479655",1479655,5.04143069681743e-05,3
"1479944",1479944,9.17323744905825e-06,3
"1480649",1480649,3.85268377229115e-05,3
"1480935",1480935,6.43109057434766e-05,3
"1481403",1481403,3.89625159355205e-05,3
"1481471",1481471,1.79533767277987e-05,3
"1482886",1482886,4.97117302988588e-05,3
"1483427",1483427,9.36562972085872e-05,3
"1483887",1483887,0.00011638933531505,3
"1485060",1485060,0.000178633326931472,3
"1485390",1485390,0.000173871611512332,3
"1485401",1485401,0.00016125653525095,3
"1485796",1485796,0.00021358310256167,3
"1486722",1486722,0.000242921721999361,3
"1486786",1486786,0.000239289192701698,3
"1487910",1487910,0.000228421974399216,3
"1488031",1488031,0.000203138570564759,3
"1489472",1489472,0.0001255911680646,3
"1489548",1489548,0.000110062077394888,3
"1490432",1490432,0.000131166957288913,3
"1491833",1491833,0.00014659997084512,3
"1492451",1492451,0.000195338325140809,3
"1492904",1492904,0.000173377626221178,3
"1492964",1492964,0.00017372360156295,3
"1493110",1493110,0.000165271301814123,3
"1494442",1494442,0.000267135853590722,3
"1494973",1494973,0.000197889621272504,3
"1495091",1495091,0.000183981541828929,3
"1496804",1496804,5.67415318020703e-05,3
"1497311",1497311,7.75699923868184e-05,3
"1498137",1498137,8.63390988309921e-05,3
"1498794",1498794,5.07152392991278e-05,3
"1498855",1498855,6.9533943769227e-05,3
